StaticBinocular
time	left_x	left_y	left_w	left_h	left_valid	right_x	right_y	right_w	right_h	right_valid
811273428	693.236	427.564	27.8885	27.8885	1	728.864	450.259	28.3189	28.3189	1
811273462	702.724	443.781	28.2259	28.2259	1	722.332	432.074	28.9065	28.9065	1
811273495	695.987	431.94	28.1777	28.1777	1	711.946	450.622	29.1546	29.1546	1
811273528	698.454	419.03	28.2002	28.2002	1	729.494	449.565	28.9218	28.9218	1
811273562	717.825	427.641	27.7931	27.7931	1	727.234	449.376	28.8946	28.8946	1
811273595	715.264	425.475	28.0295	28.0295	1	723.029	448.335	29.144	29.144	1
811273628	683.201	428.905	28.3833	28.3833	1	722.339	455.953	29.4673	29.4673	1
811273662	675.797	430.53	28.419	28.419	1	708.388	459.084	29.4242	29.4242	1
811273695	695.859	429.307	28.4998	28.4998	1	717.804	460.871	29.4878	29.4878	1
811273728	709.863	427.846	28.6549	28.6549	1	710.241	466.997	29.3818	29.3818	1
811273761	673.82	426.967	29.4309	29.4309	1	744.204	467.842	30.0893	30.0893	1
811273795	0	0	29.7247	29.7247	0	732.709	438.642	30.4307	30.4307	0
811273828	705.179	420.007	29.4415	29.4415	1	741.695	467.994	31.1447	31.1447	1
811273861	0	0	28.8927	28.8927	0	739.96	492.97	31.2463	31.2463	0
811273895	0	0	29.3743	29.3743	0	730.724	434.852	30.4144	30.4144	0
811273928	719.357	414.668	29.6671	29.6671	1	739.179	455.831	30.4607	30.4607	1
811273961	688.483	413.576	29.5638	29.5638	1	742.555	450.815	30.7195	30.7195	1
811273994	710.283	420.919	29.5823	29.5823	1	728.547	455.974	30.6023	30.6023	1
811274028	713.908	406.565	29.3662	29.3662	1	733.918	450.989	29.9755	29.9755	1
811274061	0	0	29.323	29.323	0	737.535	437.872	30.172	30.172	0
811274094	0	0	29.0329	29.0329	0	748.676	443.346	30.0071	30.0071	0
811274128	0	0	29.3549	29.3549	0	750.6	423.944	29.6173	29.6173	0
811274161	0	0	28.8752	28.8752	0	746.029	450.671	29.562	29.562	0
811274194	0	0	29.0887	29.0887	0	0	0	29.8539	29.8539	0
811274227	0	0	28.6745	28.6745	0	747.157	415.89	28.9664	28.9664	0
811274261	0	0	28.5383	28.5383	0	704.376	429.396	29.4416	29.4416	0
811274294	0	0	28.9306	28.9306	0	748.839	454.505	29.4712	29.4712	0
811274327	696.765	445.116	29.8015	29.8015	1	736.414	470.791	29.0251	29.0251	1
811274361	716.985	449.602	28.9347	28.9347	1	724.453	441.241	28.4109	28.4109	1
811274394	660.066	441.188	28.9145	28.9145	1	735.062	451.861	28.9589	28.9589	1
811274427	696.308	438.445	28.8056	28.8056	1	715.102	457.97	29.6345	29.6345	1
811274461	692.898	439.624	29.3201	29.3201	1	681.545	445.765	29.5409	29.5409	1
811274494	691.716	427.927	29.589	29.589	1	726.385	478.877	29.5323	29.5323	1
811274527	683.347	432.793	29.1593	29.1593	1	706.848	456.348	29.6216	29.6216	1
811274561	691.026	440.638	29.5786	29.5786	1	733.859	465.849	29.5339	29.5339	1
811274594	690.833	447.815	29.3818	29.3818	1	714.232	465.561	29.2605	29.2605	1
811274627	693.59	446.868	29.6279	29.6279	1	701.041	481.482	29.9245	29.9245	1
811274661	709.779	433.675	29.2446	29.2446	1	721.408	463.266	29.2968	29.2968	1
811274694	688.592	453.491	29.8252	29.8252	1	722.472	457.564	30.2734	30.2734	1
811274727	686.038	432.371	29.4452	29.4452	1	746.296	425.677	29.8796	29.8796	1
811274761	444.524	365.849	30.115	30.115	1	500.672	406.25	29.72	29.72	1
811274794	309.55	375.445	29.5246	29.5246	1	376.272	443.745	28.3307	28.3307	1
811274827	0	0	0	0	0	0	0	0	0	0
811274860	288.645	277.867	29.4794	29.4794	1	298.302	250.544	28.8495	28.8495	1
811274894	298.005	258.924	30.1906	30.1906	1	321.809	245.267	29.2716	29.2716	1
811274927	331.397	247.092	29.2598	29.2598	1	340.251	226.394	29.3478	29.3478	1
811274960	341.506	232.97	29.0954	29.0954	1	323.225	232.861	29.6935	29.6935	1
811274994	302.77	246.901	29.2576	29.2576	1	335.921	239.725	30.3062	30.3062	1
811275027	300.952	236.81	29.486	29.486	1	338.21	217.495	29.6409	29.6409	1
811275060	0	0	29.299	29.299	0	307.556	184.404	30.4012	30.4012	0
811275094	293.836	203.766	29.225	29.225	1	314.483	200.443	30.2875	30.2875	1
811275127	301.542	210.779	29.6925	29.6925	1	314.018	194.747	30.5273	30.5273	1
811275160	0	0	29.8772	29.8772	0	303.909	160.864	30.2337	30.2337	0
811275193	284.746	213.488	29.577	29.577	1	302.522	183.803	30.5779	30.5779	1
811275227	0	0	29.9198	29.9198	0	307.471	178.069	30.4065	30.4065	0
811275260	287.513	215.406	30.1836	30.1836	1	318.325	192.921	31.7964	31.7964	1
811275293	240.46	189.17	30.0883	30.0883	1	309.117	177.537	31.1422	31.1422	1
811275327	273.912	201.664	30.2356	30.2356	1	312.428	158.428	30.6519	30.6519	1
811275360	0	0	29.5073	29.5073	0	298.441	149.702	30.6478	30.6478	0
811275393	268.027	203.117	29.4986	29.4986	1	298.947	163.95	30.6024	30.6024	1
811275427	287.785	184.139	29.3267	29.3267	1	315.631	168.332	30.2342	30.2342	1
811275460	259.332	184.312	29.2662	29.2662	1	325.302	163.738	29.8149	29.8149	1
811275493	0	0	28.8941	28.8941	0	327.995	139.289	30.0213	30.0213	0
811275527	267.651	208.623	29.0287	29.0287	1	313.783	160.46	30.1021	30.1021	1
811275560	276.488	194.445	28.4101	28.4101	1	317.888	165.606	29.4391	29.4391	1
811275593	294.665	200.709	26.9651	26.9651	1	304.14	155.198	28.4714	28.4714	1
811275626	254.046	196.754	26.5263	26.5263	1	322.87	182.786	28.729	28.729	1
811275660	277.008	195.779	26.6279	26.6279	1	317.367	177.619	27.9624	27.9624	1
811275693	280.244	193.861	26.6376	26.6376	1	325.446	170.956	27.7114	27.7114	1
811275726	267.361	201.665	26.547	26.547	1	322.191	167.91	27.8106	27.8106	1
811275760	275.695	201.348	26.1436	26.1436	1	308.511	157.862	27.5049	27.5049	1
811275793	300.454	208.757	26.9904	26.9904	1	322.301	169.779	27.6592	27.6592	1
811275826	287.347	203.521	26.8459	26.8459	1	287.189	174.373	27.2892	27.2892	1
811275860	289.354	207.034	26.6377	26.6377	1	309.997	165.22	27.9113	27.9113	1
811275893	300.767	198.253	26.8608	26.8608	1	318.824	173.267	27.2333	27.2333	1
811275926	300.073	208.952	26.1418	26.1418	1	316.771	167.855	28.2602	28.2602	1
811275959	291.987	214.553	26.0784	26.0784	1	316.534	176.314	28.6826	28.6826	1
811275993	289.729	210.702	26.7663	26.7663	1	302.037	171.367	28.2138	28.2138	1
811276026	266.222	225.764	26.672	26.672	1	289.416	180.08	28.2244	28.2244	1
811276059	285.534	209.801	27.0444	27.0444	1	320.98	172.206	28.8922	28.8922	1
811276093	279.735	228.681	27.1019	27.1019	1	323.529	176.805	28.8321	28.8321	1
811276126	301.018	213.2	26.7424	26.7424	1	303.969	179.096	28.7375	28.7375	1
811276159	307.284	213.516	27.0691	27.0691	1	321.05	185.327	28.8932	28.8932	1
811276193	284.735	222.435	27.0517	27.0517	1	301.098	183.086	28.9068	28.9068	1
811276226	273.451	220.355	27.2107	27.2107	1	300.493	180.271	28.9072	28.9072	1
811276259	291.338	218.891	28.0973	28.0973	1	318.322	185.352	29.066	29.066	1
811276292	272.836	217.977	27.9794	27.9794	1	308.927	178.841	29.2325	29.2325	1
811276326	292.325	223.636	28.3203	28.3203	1	300.783	167.691	29.0499	29.0499	1
811276359	286.108	224.686	27.8948	27.8948	1	310.751	190.774	29.0853	29.0853	1
811276392	287.12	219.603	28.1841	28.1841	1	312.598	174.794	29.1428	29.1428	1
811276426	282.76	214.987	28.1701	28.1701	1	302.2	174.401	29.0442	29.0442	1
811276459	315.565	221.687	28.3087	28.3087	1	299.046	185.188	29.7963	29.7963	1
811276492	293.031	225.72	28.3069	28.3069	1	332.888	184.297	29.6993	29.6993	1
811276526	310.687	231.567	28.1704	28.1704	1	325.08	194.205	29.5058	29.5058	1
811276559	274.628	235.045	28.603	28.603	1	307.238	184.402	29.6811	29.6811	1
811276592	322.002	226.681	28.2314	28.2314	1	298.001	186.542	28.4243	28.4243	1
811276626	305.521	233.489	27.822	27.822	1	319.542	179.112	28.1721	28.1721	1
811276659	451.565	244.895	28.2737	28.2737	1	457.758	238.555	29.5724	29.5724	1
811276692	496.679	238.128	27.7476	27.7476	1	476.579	240.49	29.0834	29.0834	1
811276725	482.777	244.666	27.372	27.372	1	465.966	239.509	29.1356	29.1356	1
811276759	467.526	247.445	27.2813	27.2813	1	468.527	226.364	28.9934	28.9934	1
811276792	481.19	250.111	27.4871	27.4871	1	474.159	245.375	29.0172	29.0172	1
811276825	483.83	245.092	27.25	27.25	1	474.417	237.504	29.0717	29.0717	1
811276859	479.198	246.847	27.7075	27.7075	1	465.207	236.419	29.3188	29.3188	1
811276892	469.12	246.329	28.1112	28.1112	1	468.089	239.466	28.9222	28.9222	1
811276925	488.649	247.04	27.5543	27.5543	1	483.236	238.431	29.2064	29.2064	1
811276959	491.421	247.737	27.4629	27.4629	1	474.844	249.151	29.2967	29.2967	1
811276992	464.631	266.839	27.9072	27.9072	1	466.22	247.249	29.0978	29.0978	1
811277025	464.497	252.606	28.0816	28.0816	1	474.463	250.022	29.3134	29.3134	1
811277058	478.026	249.646	27.7291	27.7291	1	467.789	246.369	29.4156	29.4156	1
811277092	468.81	258.823	27.909	27.909	1	474.457	239.185	29.0102	29.0102	1
811277125	480.853	251.326	27.4128	27.4128	1	484.091	245.389	29.3948	29.3948	1
811277158	478.06	260.879	27.5398	27.5398	1	469.194	233.722	29.244	29.244	1
811277192	454.991	243.79	27.4298	27.4298	1	484.488	229.083	29.046	29.046	1
811277225	452.815	248.062	27.2983	27.2983	1	474.509	227.88	28.7286	28.7286	1
811277258	464.289	255.544	27.7039	27.7039	1	466.468	236.417	28.9695	28.9695	1
811277292	481.615	234.704	27.7248	27.7248	1	475.263	223.904	29.1608	29.1608	1
811277325	464.915	250.112	27.4946	27.4946	1	481.086	225.908	28.5322	28.5322	1
811277358	459.179	255.282	27.82	27.82	1	472.602	238.765	28.6155	28.6155	1
811277392	449.353	250.625	27.291	27.291	1	468.652	236.706	28.5889	28.5889	1
811277425	442.641	254.997	27.5939	27.5939	1	474.877	236.604	28.7229	28.7229	1
811277458	446.976	249.53	27.6937	27.6937	1	446.386	235.658	28.6585	28.6585	1
811277491	477.618	235.703	27.9271	27.9271	1	444.875	231.898	29.0674	29.0674	1
811277525	455.516	247.595	27.8776	27.8776	1	456.841	235.825	29.1903	29.1903	1
811277558	468.435	259.188	28.1349	28.1349	1	484.034	237.893	29.3221	29.3221	1
811277591	471.565	254.874	27.6644	27.6644	1	455.432	237.352	29.7603	29.7603	1
811277625	429.417	268.74	27.6885	27.6885	1	470.838	236.756	29.1192	29.1192	1
811277658	464.841	263.997	27.851	27.851	1	473.388	237.271	29.7995	29.7995	1
811277691	459.498	262.822	28.0508	28.0508	1	472.09	245.801	29.5538	29.5538	1
811277725	443.778	260.156	27.9698	27.9698	1	454.644	226.211	29.7317	29.7317	1
811277758	418.536	256.889	28.3387	28.3387	1	469.685	236.264	29.9705	29.9705	1
811277791	437.67	271.868	28.7253	28.7253	1	472.17	241.515	29.7257	29.7257	1
811277824	447.084	257.01	28.3234	28.3234	1	437.607	247.346	30.099	30.099	1
811277858	439.54	267.241	28.0604	28.0604	1	457.046	255.408	29.8083	29.8083	1
811277891	443.328	263.999	28.6527	28.6527	1	460.03	238.131	30.2574	30.2574	1
811277924	453.043	259.525	28.1257	28.1257	1	443.174	237.083	30.2732	30.2732	1
811277958	414.526	270.664	28.2349	28.2349	1	444.617	243.73	29.9547	29.9547	1
811277991	436.383	265.521	28.2867	28.2867	1	463.79	246.856	29.7665	29.7665	1
811278024	445.497	258.373	28.6592	28.6592	1	479.038	241.616	30.0367	30.0367	1
811278058	453.903	263.286	28.6906	28.6906	1	453.205	238.481	30.1083	30.1083	1
811278091	468.677	262.094	28.6029	28.6029	1	533.541	239.299	30.3489	30.3489	1
811278124	701.703	238.259	28.7196	28.7196	1	772.462	236.008	30.5697	30.5697	1
811278158	753.472	240.856	27.9223	27.9223	1	795.588	236.988	30.3702	30.3702	1
811278191	757.766	240.499	27.9913	27.9913	1	784.746	238.247	30.1283	30.1283	1
811278224	718.657	235.264	27.8295	27.8295	1	780.458	237.995	30.4812	30.4812	1
811278257	778.603	237.539	28.5531	28.5531	1	776.776	243.566	30.4777	30.4777	1
811278291	762.847	245.93	28.2411	28.2411	1	745.233	241.916	29.9948	29.9948	1
811278324	738.322	257.301	28.5914	28.5914	1	786.831	247.062	30.2419	30.2419	1
811278357	722.69	244.614	28.7827	28.7827	1	735.565	240.125	30.4993	30.4993	1
811278391	726.02	236.439	28.0442	28.0442	1	732.077	234.295	30.4529	30.4529	1
811278424	729.447	240.673	28.4218	28.4218	1	732.079	233.945	30.2681	30.2681	1
811278457	737.563	236.356	28.349	28.349	1	731.588	239.245	29.9323	29.9323	1
811278491	728.055	249.175	28.1338	28.1338	1	721.383	238.714	30.3637	30.3637	1
811278524	732.051	232.516	28.2785	28.2785	1	747.949	252.857	30.0429	30.0429	1
811278557	718.472	240.373	28.2007	28.2007	1	750.066	241.906	30.058	30.058	1
811278591	739.563	235.807	28.0192	28.0192	1	751.576	249.336	29.7764	29.7764	1
811278624	719.33	237.623	27.9233	27.9233	1	720.769	251.244	29.7612	29.7612	1
811278657	710.834	239.941	27.8402	27.8402	1	746.273	248.638	29.839	29.839	1
811278690	724.006	228.607	27.7084	27.7084	1	722.45	243.446	29.9203	29.9203	1
811278724	724.232	235.742	27.4464	27.4464	1	737.205	235.045	29.6317	29.6317	1
811278757	698.826	232.907	27.9497	27.9497	1	746.393	240.427	29.5947	29.5947	1
811278790	725.789	226.767	27.5971	27.5971	1	736.464	242.56	29.4802	29.4802	1
811278824	714.346	238.898	27.8557	27.8557	1	745.002	241.728	29.2268	29.2268	1
811278857	714.535	238.679	27.7627	27.7627	1	723.021	244.729	29.3858	29.3858	1
811278890	734.035	228.943	28.0026	28.0026	1	730.902	237.057	29.2437	29.2437	1
811278924	746.614	229.918	28.0425	28.0425	1	739.928	242.986	30.1969	30.1969	1
811278957	723.768	235.376	27.7789	27.7789	1	742.034	237.176	30.3427	30.3427	1
811278990	730.379	224.881	28.0826	28.0826	0	0	0	30.4746	30.4746	0
811279023	715.21	226.954	27.7067	27.7067	1	738.183	251.563	30.2458	30.2458	1
811279057	720.492	229.823	27.963	27.963	1	731.089	253.694	30.5294	30.5294	1
811279090	703.77	242.749	27.5978	27.5978	1	743.863	239.238	30.2481	30.2481	1
811279123	723.884	227.335	27.5879	27.5879	1	736.367	243.688	30.3698	30.3698	1
811279157	719.398	232.511	27.7207	27.7207	1	759.732	241.576	30.4967	30.4967	1
811279190	700.727	242.705	27.9939	27.9939	1	740.954	244.76	30.5753	30.5753	1
811279223	707.61	229.889	27.8398	27.8398	1	723.387	237.773	30.4168	30.4168	1
811279257	737.928	228.924	28.3386	28.3386	1	732.042	233.015	30.5126	30.5126	1
811279290	720.605	231.796	29.0199	29.0199	1	713.523	234.832	30.0406	30.0406	1
811279323	695.066	230.117	28.6423	28.6423	1	742.415	248.163	30.6967	30.6967	1
811279356	701.812	222.153	28.754	28.754	1	714.768	241.378	30.6394	30.6394	1
811279390	716.172	233.573	29.0057	29.0057	1	728.118	241.425	30.2727	30.2727	1
811279423	712.182	231.077	29.1866	29.1866	1	753.135	241.472	30.2017	30.2017	1
811279456	708.962	230.151	29.2058	29.2058	1	764.811	247.538	30.6387	30.6387	1
811279490	684.234	231.333	28.6102	28.6102	1	740.906	241.31	30.3	30.3	1
811279523	680.247	248.374	29.2155	29.2155	1	744.092	247.321	30.6805	30.6805	1
811279556	691.344	234.487	29.05	29.05	1	703.683	233.563	30.6763	30.6763	1
811279590	727.809	220.658	28.2589	28.2589	1	727.254	242.39	30.2889	30.2889	1
811279623	717.708	231.351	28.547	28.547	1	738.582	245.605	30.4867	30.4867	1
811279656	705.655	227.997	28.2218	28.2218	1	718.734	251.605	31.0127	31.0127	1
811279690	729.397	226.504	28.4928	28.4928	0	0	0	30.9246	30.9246	0
811279723	710.302	230.747	28.0515	28.0515	1	728.268	244.353	30.1254	30.1254	1
811279756	729.608	240.654	28.2219	28.2219	1	733.405	249.416	30.4862	30.4862	1
811279789	701.458	233.078	27.9142	27.9142	1	724.153	258.379	30.6167	30.6167	1
811279823	682.34	300.673	28.0372	28.0372	1	703.211	308.986	30.6459	30.6459	1
811279856	683.868	346.456	28.5983	28.5983	1	720.431	326.375	30.5644	30.5644	1
811279889	706.103	315.59	28.0674	28.0674	1	711.46	347.73	30.7855	30.7855	1
811279923	684.485	339.513	28.7023	28.7023	1	718.024	345.826	30.4595	30.4595	1
811279956	685.945	357.252	29.1883	29.1883	1	712.981	355.069	30.1607	30.1607	1
811279989	688.369	338.316	28.647	28.647	1	708.771	346.601	30.7651	30.7651	1
811280023	694.955	353.678	28.6146	28.6146	1	722.435	351.792	30.6269	30.6269	1
811280056	694.046	335.953	28.9295	28.9295	1	721.664	351.369	30.7143	30.7143	1
811280089	692.074	337.968	29.1593	29.1593	1	696.588	341.399	30.6815	30.6815	1
811280122	704.783	345.132	29.4046	29.4046	1	711.203	346.321	30.4869	30.4869	1
811280156	678.734	334.602	29.7463	29.7463	1	705.647	357.887	31.3268	31.3268	1
811280189	683.571	336.758	29.7531	29.7531	1	692.648	363.019	30.8244	30.8244	1
811280222	687.387	349.442	30.0017	30.0017	1	707.602	348.282	31.0873	31.0873	1
811280256	703.075	328.184	29.3228	29.3228	1	697.938	342.527	31.3406	31.3406	1
811280289	687.144	346.977	29.5021	29.5021	1	707.245	335.35	31.1184	31.1184	1
811280322	704.315	338.379	28.9722	28.9722	1	708.822	357.266	31.743	31.743	1
811280356	691.598	346.103	29.3225	29.3225	1	689.756	334.747	31.4582	31.4582	1
811280389	667.287	344.036	29.7041	29.7041	1	698.847	355.556	31.6806	31.6806	1
811280422	703.79	341.668	29.1892	29.1892	1	717.263	344.759	31.5149	31.5149	1
811280456	697.551	319.788	28.9895	28.9895	1	712.067	343.36	31.1562	31.1562	1
811280489	698.03	337.653	29.1003	29.1003	1	716.513	340.616	31.2273	31.2273	1
811280522	706.564	338.601	28.4269	28.4269	1	709.313	345.479	31.0326	31.0326	1
811280555	707.01	335.686	28.3729	28.3729	1	710.442	352.652	30.7976	30.7976	1
811280589	701.321	318.989	28.5817	28.5817	1	704.03	340.762	30.4536	30.4536	1
811280622	695.553	342.746	28.28	28.28	1	711.404	353.026	30.7933	30.7933	1
811280655	690.857	336.828	28.0942	28.0942	1	704.305	359.846	30.2712	30.2712	1
811280689	687.042	349.389	28.8382	28.8382	1	713.583	327.082	30.2795	30.2795	1
811280722	695.007	327.586	28.1561	28.1561	1	713.521	345.281	30.1237	30.1237	1
811280755	701.255	346.844	28.6166	28.6166	1	707.372	360.602	30.0587	30.0587	1
811280789	702.613	331.088	27.8351	27.8351	1	706.825	353.194	30.1572	30.1572	1
811280822	689.654	345.029	28.4192	28.4192	1	736.627	358.674	30.5102	30.5102	1
811280855	697.099	347.833	28.5005	28.5005	1	739.681	339.079	30.382	30.382	1
811280889	685.661	338.896	28.2728	28.2728	1	724.282	348.026	29.9585	29.9585	1
811280922	720.533	346.076	28.1049	28.1049	1	724.987	358.68	31.0643	31.0643	1
811280955	707.502	343.793	28.3573	28.3573	1	731.32	356.433	30.943	30.943	1
811280988	706.959	339.553	28.6075	28.6075	1	715.884	348.315	31.5203	31.5203	1
811281022	685.214	336.814	28.468	28.468	1	689.87	346.85	31.3251	31.3251	1
811281055	689.227	345.933	28.848	28.848	1	699.356	342.469	31.1125	31.1125	1
811281088	686.105	343.681	29.0117	29.0117	1	717.013	338.21	31.1823	31.1823	1
811281122	683.714	338.292	28.3603	28.3603	1	719.868	364.484	31.8069	31.8069	1
811281155	694.765	343.015	28.7305	28.7305	1	714.951	351.633	31.5004	31.5004	1
811281188	704.366	335.666	28.9827	28.9827	1	710.253	353.996	31.2898	31.2898	1
811281222	687.958	345.805	28.9131	28.9131	1	712.248	344.796	31.667	31.667	1
811281255	723.591	348.172	29.2654	29.2654	1	749.276	368.862	32.271	32.271	1
811281288	741.418	338.41	28.6601	28.6601	1	749.314	366.72	32.5176	32.5176	1
811281321	733.419	358.339	29.3268	29.3268	1	770.038	362.726	31.9767	31.9767	1
811281355	746.761	334.286	28.9966	28.9966	1	751.143	341.297	32.0848	32.0848	1
811281388	673.36	373.588	29.2807	29.2807	1	704.612	344.699	31.6635	31.6635	1
811281421	663.111	352.042	28.8641	28.8641	1	730.898	349.845	31.8794	31.8794	1
811281455	698.939	343.426	28.6416	28.6416	1	705.607	342.553	31.2922	31.2922	1
811281488	708.304	325.385	28.2584	28.2584	1	712.474	348.656	31.5136	31.5136	1
811281521	835.639	387.769	28.6474	28.6474	1	919.338	399.956	32.2086	32.2086	1
811281555	1071.11	462.42	28.0136	28.0136	1	1127.71	457.317	32.4969	32.4969	1
811281588	1080.95	450.448	28.9311	28.9311	1	1121.74	452.313	31.3127	31.3127	1
811281621	1068.23	445.463	28.8112	28.8112	1	1087.17	440.706	31.5714	31.5714	1
811281654	1095.61	447.824	28.682	28.682	1	1106.28	448.252	31.4947	31.4947	1
811281688	1061.72	447.913	28.8755	28.8755	1	1112.59	444.216	31.4184	31.4184	1
811281721	1042.03	448.55	28.8545	28.8545	1	1094.93	433.878	31.716	31.716	1
811281754	1094.19	440.148	28.8178	28.8178	1	1102.54	459.09	31.5062	31.5062	1
811281788	1076.92	445.529	28.7628	28.7628	1	1106.22	444.875	31.8212	31.8212	1
811281821	1083.23	440.437	28.6752	28.6752	1	1140.86	436.806	31.5176	31.5176	1
811281854	1067.07	437.952	28.2875	28.2875	1	1133.79	451.864	31.7799	31.7799	1
811281888	1061.9	433.222	28.3459	28.3459	1	1134.74	442.19	30.9272	30.9272	1
811281921	1119.26	422.491	27.9138	27.9138	1	1121.24	445.3	30.6366	30.6366	1
811281954	1065.62	444.31	28.1182	28.1182	1	1131.89	448.652	30.4689	30.4689	1
811281988	1080.54	422.188	27.3498	27.3498	1	1125.03	425.59	29.9561	29.9561	1
811282021	1076.82	445.83	27.1128	27.1128	1	1125.81	422.39	29.6923	29.6923	1
811282054	1104.88	427.485	26.5344	26.5344	1	1120.88	430.304	28.7544	28.7544	1
811282087	1058.26	433.75	26.399	26.399	1	1127.98	421.311	28.7508	28.7508	1
811282121	1110.12	422.491	25.8824	25.8824	1	1133.89	427.768	28.2425	28.2425	1
811282154	1069.45	439.43	25.8555	25.8555	1	1140.53	433.878	28.1852	28.1852	1
811282187	1067.9	431.25	25.3727	25.3727	1	1125.36	421.667	28.0339	28.0339	1
811282221	1098.23	420.527	25.1372	25.1372	1	1123.64	423.065	27.4766	27.4766	1
811282254	1112.16	425.643	24.9281	24.9281	1	1140.86	422.135	27.7387	27.7387	1
811282287	1086.3	437.252	24.9998	24.9998	1	1107.52	437.386	28.0008	28.0008	1
811282321	1097.21	416.376	24.9242	24.9242	1	1128.7	423.389	27.2514	27.2514	1
811282354	1073.1	434.103	25.0025	25.0025	1	1129.83	414.045	27.0908	27.0908	1
811282387	1104.22	439.566	25.1747	25.1747	1	1123.34	428.642	27.2727	27.2727	1
811282420	1121.66	404.022	24.5739	24.5739	1	1097.61	417.602	27.1732	27.1732	1
811282454	1123.21	433.877	25.0467	25.0467	1	1110.84	433.59	27.0259	27.0259	1
811282487	1116.37	429.222	24.792	24.792	1	1105.33	423.019	26.7809	26.7809	1
811282520	1123.32	425.229	25.02	25.02	1	1141.19	409.362	27.5742	27.5742	1
811282554	1091.1	444.207	25.1136	25.1136	1	1138.28	434.052	27.0381	27.0381	1
811282587	1122.57	419.55	24.8884	24.8884	1	1128.82	427.813	27.2171	27.2171	1
811282620	1097.63	416.899	24.7843	24.7843	1	1108.43	430.355	27.1569	27.1569	1
811282654	1075.89	431.255	24.9861	24.9861	1	1124.8	421.331	27.0685	27.0685	1
811282687	1071.16	453.372	25.0645	25.0645	1	1132.18	421.53	27.173	27.173	1
811282720	1108.86	413.498	25.6041	25.6041	1	1139.93	417.039	27.1495	27.1495	1
811282754	1102.96	425.91	24.8729	24.8729	1	1136.98	426.327	27.2955	27.2955	1
811282787	1110.13	427.04	25.2446	25.2446	1	1133.85	424.887	27.396	27.396	1
811282820	1073.16	433.089	25.0288	25.0288	1	1129.99	421.104	27.3331	27.3331	1
811282853	1069.66	409.348	25.252	25.252	1	1091.02	429.272	27.2763	27.2763	1
811282887	1125.05	425.087	25.0744	25.0744	1	1134.29	419.137	27.5468	27.5468	1
811282920	1125.12	438.12	25.6652	25.6652	1	1106.19	428.425	27.6122	27.6122	1
811282953	1071.57	439.703	25.2107	25.2107	1	1132.6	439.557	27.6505	27.6505	1
811282987	1107.38	435.392	25.2716	25.2716	1	1105.95	439.724	27.7182	27.7182	1
811283020	1086.91	432.009	25.3458	25.3458	1	1110.1	428.162	27.5676	27.5676	1
811283053	1119.46	435.732	25.2331	25.2331	1	1104.63	439.626	27.6019	27.6019	1
811283087	1133.16	436.575	25.2957	25.2957	1	1139.38	432.953	27.687	27.687	1
811283120	1116.65	431.454	25.3645	25.3645	1	1133.1	428.854	27.3664	27.3664	1
811283153	1079.47	424.487	24.782	24.782	1	1097.88	440.865	27.7849	27.7849	1
811283187	1071.65	446.303	25.0414	25.0414	1	1128.35	434.358	27.4242	27.4242	1
811283220	1086.24	446.261	25.0149	25.0149	1	1101.3	427.229	27.5741	27.5741	1
811283253	1116.88	444.263	25.6628	25.6628	1	1098.82	436.978	27.219	27.219	1
811283286	1129.92	435.391	25.0135	25.0135	1	1146.55	437.35	27.5236	27.5236	1
811283320	1091.79	439.654	25.0088	25.0088	1	1130.67	432.789	27.8309	27.8309	1
811283353	1084.46	442.401	25.4448	25.4448	1	1125.81	423.719	27.6509	27.6509	1
811283387	1088.08	446.97	25.2279	25.2279	1	1103.19	435.952	27.5962	27.5962	1
811283421	1110.18	431.28	24.8218	24.8218	1	1137.34	437.524	27.74	27.74	1
811283454	1064.28	433.945	25.3612	25.3612	1	1129.83	432.023	27.4864	27.4864	1
811283487	1109.65	426.901	25.0439	25.0439	1	1138.08	440.344	27.4091	27.4091	1
811283520	1089.72	441.781	24.7344	24.7344	1	1120.64	436.676	27.7967	27.7967	1
811283554	1064.54	439.044	24.7637	24.7637	1	1102.51	449.36	27.5853	27.5853	1
811283587	1138.99	429.849	25.7541	25.7541	1	1104.54	437.807	26.8668	26.8668	1
811283620	1072.09	455.799	25.5371	25.5371	1	1113.95	436.726	27.1148	27.1148	1
811283654	1063.11	422.948	25.3226	25.3226	1	1103.94	440.969	27.029	27.029	1
811283687	1118.81	428.937	25.1611	25.1611	1	1099.83	436.978	27.1796	27.1796	1
811283720	1094.14	440.057	25.8532	25.8532	1	1126.24	431.975	26.7576	26.7576	1
811283754	1106.89	437.49	25.6282	25.6282	1	1136.54	442.205	26.9401	26.9401	1
811283787	1089.23	419.962	25.1529	25.1529	1	1137.96	441.306	27.1001	27.1001	1
811283820	1096.32	430.857	25.825	25.825	1	1135.41	445.04	27.371	27.371	1
811283854	1094.78	437.027	26.0566	26.0566	1	1127.89	443.023	27.7527	27.7527	1
811283887	1091.97	443.433	26.2363	26.2363	1	1111.67	429.854	26.9405	26.9405	1
811283920	1115.63	432.167	25.3956	25.3956	1	1133.78	431.432	27.5791	27.5791	1
811283953	1096.43	434.644	25.4501	25.4501	1	1131.5	437.98	28.0001	28.0001	1
811283987	1106.82	439.437	25.6895	25.6895	1	1130.6	435.323	27.6141	27.6141	1
811284020	1086.99	446.096	26.258	26.258	1	1132.15	450.112	27.909	27.909	1
811284053	1088.96	449.766	25.9531	25.9531	1	1134.67	448.406	27.6953	27.6953	1
811284087	1154.43	332.829	25.503	25.503	1	1147.58	380.771	28.0257	28.0257	1
811284120	1175.81	186.214	24.3921	24.3921	1	1197.26	206.667	27.1263	27.1263	1
811284153	1198.96	110.735	24.858	24.858	0	0	0	27.2711	27.2711	0
811284187	1184.4	130.778	24.6279	24.6279	1	1207.64	127.357	27.2233	27.2233	1
811284220	1186.59	128.616	24.9077	24.9077	1	1185.14	127.066	27.0512	27.0512	1
811284253	1199.28	140.142	25.5108	25.5108	1	1145.65	129.966	27.7264	27.7264	1
811284287	1149.28	148.284	25.5866	25.5866	1	1171.67	139.456	27.8071	27.8071	1
811284320	1193.68	122.357	25.7358	25.7358	1	1130.35	139.085	28.3896	28.3896	1
811284353	1193.92	131.148	25.808	25.808	1	1143.96	140.538	28.5065	28.5065	1
811284386	1187.02	126.242	25.4623	25.4623	1	1178.64	132.551	28.0764	28.0764	1
811284420	1190.35	123.67	25.5802	25.5802	1	1177.31	137.125	28.1307	28.1307	1
811284453	1135.91	144.364	25.3606	25.3606	1	1183.65	137.852	27.9821	27.9821	1
811284486	1202.41	120.479	25.1151	25.1151	1	1189.71	139.059	28.0951	28.0951	1
811284520	1164.98	119.365	24.6513	24.6513	1	1177.07	137.438	27.3195	27.3195	1
811284553	1161.57	126.306	24.5485	24.5485	1	1192.46	129.581	27.1371	27.1371	1
811284586	1157.9	122.561	24.7298	24.7298	1	1194.21	128.912	27.4381	27.4381	1
811284620	1207.68	121.061	24.6215	24.6215	1	1198.57	129.591	26.9798	26.9798	1
811284653	1192.5	103.488	24.5686	24.5686	1	1146.51	129.059	26.5268	26.5268	1
811284686	1211.34	99.3165	23.8724	23.8724	1	1126.23	133.334	26.6075	26.6075	1
811284719	1184.12	118.762	23.9022	23.9022	1	1191.68	128.314	26.3228	26.3228	1
811284753	1164.54	120.11	23.8711	23.8711	1	1180.48	123.467	26.137	26.137	1
811284786	1183.96	104.476	23.4397	23.4397	0	0	0	25.9576	25.9576	0
811284819	1205.93	103.091	23.4204	23.4204	1	1186.53	115.583	25.8308	25.8308	1
811284853	1207.78	94.3168	23.2673	23.2673	1	1122.84	114.417	25.7268	25.7268	1
811284886	1164.32	123.591	23.2379	23.2379	1	1190.39	134.27	25.7598	25.7598	1
811284919	1205.92	105.479	22.7949	22.7949	1	1136.94	127.806	24.6746	24.6746	1
811284953	1210.4	116.475	22.8539	22.8539	1	1190.23	122.903	24.9995	24.9995	1
811284986	1173.77	111.551	22.869	22.869	1	1187.96	124.303	24.4487	24.4487	1
811285019	1202.86	86.0054	22.5763	22.5763	1	1141.92	118.655	24.7722	24.7722	1
811285053	1210.21	82.9079	22.6561	22.6561	0	0	0	24.632	24.632	0
811285086	1208.99	82.5636	22.4971	22.4971	1	1213.98	96.6419	24.6966	24.6966	1
811285119	1195.57	85.8272	22.8987	22.8987	1	1129.83	117.133	24.4218	24.4218	1
811285152	1169.52	111.324	22.2424	22.2424	1	1131.53	108.511	24.3376	24.3376	1
811285185	1208.07	96.593	22.2703	22.2703	1	1136.69	110.359	24.4903	24.4903	1
811285219	1202.99	102.606	23.0005	23.0005	1	1176.23	116.265	24.8164	24.8164	1
811285252	1205.68	94.8999	22.4755	22.4755	1	1203.61	122.233	24.4282	24.4282	1
811285285	1188.63	72.9395	22.1616	22.1616	0	0	0	23.8896	23.8896	0
811285319	1217.88	86.1469	22.1085	22.1085	1	1194.78	98.7355	23.9233	23.9233	1
811285352	1177.68	95.7698	22.0829	22.0829	1	1138.82	106.303	23.9272	23.9272	1
811285385	1175.44	111.349	22.427	22.427	1	1191.15	121.954	24.3689	24.3689	1
811285419	1160.03	102.451	22.5239	22.5239	1	1194.52	113.661	24.0772	24.0772	1
811285452	1179.15	110.332	22.0905	22.0905	1	1195.27	113.402	23.7857	23.7857	1
811285485	1180.21	110.252	22.518	22.518	1	1190.51	119.115	24.2704	24.2704	1
811285518	1227.91	93.3196	22.038	22.038	1	1195.26	109.298	24.1557	24.1557	1
811285552	1162.61	113.116	22.115	22.115	1	1155.26	103.933	24.069	24.069	1
811285585	1161.74	117.104	23.5588	23.5588	1	1195.97	117.23	25.1972	25.1972	1
811285619	1174.97	109.756	23.5874	23.5874	1	1192.86	119.192	25.3021	25.3021	1
811285652	1157.66	108.978	23.2424	23.2424	1	1246.24	111.799	25.6049	25.6049	1
811285685	1171.26	117.828	23.9613	23.9613	1	1195.05	127.077	25.8217	25.8217	1
811285719	1173.93	116.676	23.2949	23.2949	1	1201.04	113.3	25.6837	25.6837	1
811285752	1162.24	109.148	23.8333	23.8333	1	1120.87	99.5504	25.8657	25.8657	1
811285785	1164.32	110.709	23.9442	23.9442	1	1189.46	108.716	25.6327	25.6327	1
811285818	1163.68	106.14	24.1312	24.1312	1	1181.21	118.034	25.8765	25.8765	1
811285852	1175.27	97.8965	24.0692	24.0692	1	1185.64	124.059	26.1361	26.1361	1
811285885	1168.12	116.034	24.0743	24.0743	1	1191.65	118.64	26.2696	26.2696	1
811285918	1195.66	335.63	24.965	24.965	1	1130.11	358.892	26.8278	26.8278	1
811285952	1106.72	403.773	25.0045	25.0045	1	1142.22	421.462	27.4445	27.4445	1
811285985	1152.03	413.295	24.6067	24.6067	1	1106.82	430.588	26.7708	26.7708	1
811286018	1123.52	430.595	24.5696	24.5696	1	1126.49	419.867	27.0485	27.0485	1
811286052	1128.35	425.936	24.7687	24.7687	1	1117.1	426.165	26.9028	26.9028	1
811286085	1151.47	414.666	24.5096	24.5096	1	1140.92	410.354	26.9613	26.9613	1
811286118	1143.98	425.211	24.7514	24.7514	1	1101.18	425.092	26.5895	26.5895	1
811286152	1151.39	421.985	24.546	24.546	1	1104.61	417.509	27.1574	27.1574	1
811286185	1141.6	418.088	24.9834	24.9834	1	1116.91	430.59	27.2244	27.2244	1
811286218	1094.08	423.224	24.8081	24.8081	1	1126.97	413.845	26.136	26.136	1
811286252	1118.4	409.765	24.9128	24.9128	1	1105.4	416.586	26.6571	26.6571	1
811286285	1109.23	422.125	24.4611	24.4611	1	1115.41	426.26	26.5365	26.5365	1
811286318	1114	425.481	24.3159	24.3159	1	1089.7	425.333	26.7641	26.7641	1
811286351	1067.08	434.902	25.0017	25.0017	1	1084.42	416.257	26.9612	26.9612	1
811286385	1066.37	420.49	24.892	24.892	1	1079.19	443.974	27.8529	27.8529	1
811286418	1077.83	441.041	24.8897	24.8897	1	1118.71	424.374	27.4662	27.4662	1
811286451	1085.44	443.58	25.6014	25.6014	1	1133.03	433.86	27.8544	27.8544	1
811286485	1190.51	398.961	25.0089	25.0089	1	1201.01	422.927	27.8602	27.8602	1
811286518	1181.25	414.207	25.1185	25.1185	1	1185.19	407.512	27.8131	27.8131	1
811286551	1136.26	415.846	25.1178	25.1178	1	1193.88	402.056	27.6375	27.6375	1
811286584	1170.76	399.593	25.2853	25.2853	1	1165.98	415.546	27.381	27.381	1
811286618	1145.55	401.268	24.9634	24.9634	1	1187.38	403.739	27.301	27.301	1
811286651	1172.47	403.897	25.3177	25.3177	1	1199.77	402.023	27.426	27.426	1
811286684	1129.9	427.675	25.8308	25.8308	1	1168.1	407.897	27.7029	27.7029	1
811286718	1168	373.129	25.812	25.812	1	1182.72	398.712	27.5329	27.5329	1
811286751	1192.4	351.608	25.5477	25.5477	1	1178.56	367.768	27.5148	27.5148	1
811286784	1178.61	358.829	25.3378	25.3378	1	1184.51	366.91	27.6599	27.6599	1
811286818	1227.23	346.758	25.7532	25.7532	1	1234.41	373.148	27.934	27.934	1
811286851	1180.87	356.526	25.6171	25.6171	1	1227.27	370.923	27.998	27.998	1
811286884	1177.75	347.643	25.4092	25.4092	1	1185.48	380.644	27.8828	27.8828	1
811286918	1227.05	325.327	25.5489	25.5489	1	1185.82	363.978	27.9273	27.9273	1
811286951	1196	334.293	25.2807	25.2807	1	1204.59	360.423	27.5775	27.5775	1
811286984	1250.39	322.125	25.0295	25.0295	1	1234.61	351.403	27.6664	27.6664	1
811287017	1255.54	317.13	25.2534	25.2534	1	1238	357.699	27.454	27.454	1
811287051	1234.53	344.063	24.8588	24.8588	1	1207.82	361.012	27.1267	27.1267	1
811287084	1202.24	349.576	24.9022	24.9022	1	1204.86	373.987	26.9827	26.9827	1
811287117	1186.59	352.35	24.8488	24.8488	1	1194.45	366.673	27.0664	27.0664	1
811287151	1191.8	341.712	24.7153	24.7153	1	1236.68	351.054	26.4741	26.4741	1
811287184	1200.72	343.303	24.3418	24.3418	1	1234.22	351.04	25.9238	25.9238	1
811287217	1192.92	334.793	24.0355	24.0355	1	1256.53	378.013	26.3623	26.3623	1
811287251	1244.39	314.583	23.8151	23.8151	1	1194.64	368.573	25.8901	25.8901	1
811287284	1252.13	317.324	23.9474	23.9474	1	1204.59	365.063	25.6989	25.6989	1
811287317	1183.16	347.8	24.1791	24.1791	1	1250.26	352.772	25.2257	25.2257	1
811287351	1204.76	343.162	23.634	23.634	1	1242.47	352.14	25.4941	25.4941	1
811287384	1194.01	341.123	23.7932	23.7932	1	1242.51	366.119	24.8222	24.8222	1
811287417	1196.14	333.709	23.5117	23.5117	1	1200.52	360.956	25.1116	25.1116	1
811287450	1193.26	342.011	24.1004	24.1004	1	1205.8	367.116	24.9735	24.9735	1
811287484	1208.57	335.421	23.4752	23.4752	1	1234.72	345.314	25.1645	25.1645	1
811287517	1212.31	337.993	23.505	23.505	1	1250.74	373.532	25.4028	25.4028	1
811287550	1194.71	325.638	24.0308	24.0308	1	1247.41	355.707	24.7653	24.7653	1
811287584	1246.95	336.149	23.6494	23.6494	1	1248.55	372.261	25.603	25.603	1
811287617	1195.82	332.59	23.7042	23.7042	1	1201.1	365.561	25.7412	25.7412	1
811287650	1184.34	345.582	23.8831	23.8831	1	1206.78	360.961	25.7251	25.7251	1
811287684	1205.3	341.852	23.682	23.682	1	1245.62	351.823	26.1927	26.1927	1
811287717	1191.87	343.659	24.1277	24.1277	1	1245.74	372.243	26.2255	26.2255	1
811287750	1187.78	335.443	23.8369	23.8369	1	1205.37	361.06	25.7453	25.7453	1
811287783	1246.09	324.31	24.2683	24.2683	1	1210.27	358.589	26.3433	26.3433	1
811287817	1198.84	343.702	24.1783	24.1783	1	1222.33	358.114	25.9906	25.9906	1
811287850	1228.86	337.292	24.2403	24.2403	1	1211.16	376.312	25.8996	25.8996	1
811287883	1213.59	340.491	24.4675	24.4675	1	1243.76	354.578	26.4349	26.4349	1
811287917	1235.36	331.011	24.4173	24.4173	1	1255.69	367.344	26.4232	26.4232	1
811287950	1171.88	351.806	24.6527	24.6527	1	1216.47	369.408	26.5619	26.5619	1
811287983	1089.13	391.898	25.3071	25.3071	1	1182.61	376.827	27.4006	27.4006	1
811288017	1081.44	408.842	25.4868	25.4868	1	1132.77	416.262	27.1837	27.1837	1
811288050	1063.54	392.806	25.2688	25.2688	1	1134.29	410.096	27.5729	27.5729	1
811288083	1078.17	413.006	25.225	25.225	1	1129.01	412.231	27.4331	27.4331	1
811288117	1083.23	409.402	25.7514	25.7514	1	1137.98	408.335	27.774	27.774	1
811288150	1067.48	422.005	25.6903	25.6903	1	1112.61	427.996	27.5524	27.5524	1
811288183	1081.9	406.043	25.5524	25.5524	1	1135.97	415.913	27.1793	27.1793	1
811288216	1077.23	422.881	25.3214	25.3214	1	1131.4	424.567	27.2349	27.2349	1
811288250	1133.1	403.739	24.9657	24.9657	1	1133.58	417.001	27.5674	27.5674	1
811288283	1084.22	406.403	24.7438	24.7438	1	1130.39	413.483	27.2895	27.2895	1
811288316	1095.1	410.584	25.1191	25.1191	1	1131.23	399.292	27.5517	27.5517	1
811288350	1117.38	417.259	24.9535	24.9535	1	1110.45	403.14	27.4015	27.4015	1
811288383	1117.48	422.524	25.3729	25.3729	1	1108.63	417.53	27.5913	27.5913	1
811288416	1099.37	415.068	25.0952	25.0952	1	1112.17	412.852	28.1685	28.1685	1
811288450	1121.89	419.315	25.0945	25.0945	1	1132.13	423.269	28.3469	28.3469	1
811288483	1125.03	399.901	25.7298	25.7298	1	1121.82	408.836	28.3124	28.3124	1
811288516	1090.52	410.583	25.2929	25.2929	1	1120.36	421.651	28.5135	28.5135	1
811288549	1102.2	428.565	25.5918	25.5918	1	1120.01	417.471	28.8412	28.8412	1
811288583	1102.6	409.016	25.7539	25.7539	1	1125.14	399.572	28.3132	28.3132	1
811288616	1063.58	423.199	26.1451	26.1451	1	1102.78	408.247	28.9059	28.9059	1
811288649	1128.77	405.914	26.3436	26.3436	1	1106.53	410.802	29.0425	29.0425	1
811288683	1107.18	417.164	26.1949	26.1949	1	1103.86	418.921	28.8603	28.8603	1
811288716	1115.02	415.772	26.0755	26.0755	1	1121.17	406.3	29.1266	29.1266	1
811288749	1074.23	415.782	26.4659	26.4659	1	1123.96	416.029	29.2389	29.2389	1
811288783	1091.26	394.092	26.0605	26.0605	1	1115.6	407.336	29.0973	29.0973	1
811288816	1096.85	412.155	26.7757	26.7757	1	1111.31	431.105	30.0285	30.0285	1
811288849	1096.73	403.127	26.3938	26.3938	1	1083.01	418.601	29.3416	29.3416	1
811288883	1103.19	421.171	27.0337	27.0337	1	1102.13	407.824	29.6105	29.6105	1
811288916	1015.06	393.447	26.993	26.993	1	1039.66	395.612	29.1903	29.1903	1
811288949	1016.28	387.665	26.5862	26.5862	1	1060.37	416.387	29.8445	29.8445	1
811288982	1021.21	399.113	26.894	26.894	1	1051.51	401.957	29.2835	29.2835	1
811289016	997.586	405.414	26.8668	26.8668	1	1045.01	404.521	29.7641	29.7641	1
811289049	1008.82	403.246	26.8307	26.8307	1	1051.52	414.617	29.3586	29.3586	1
811289082	1020.02	397.211	26.1259	26.1259	1	1046.5	408.412	29.2312	29.2312	1
811289116	797.925	316.979	27.1101	27.1101	1	888.476	318.037	29.6573	29.6573	1
811289149	713.351	218.554	27.3924	27.3924	1	723.574	235.691	29.5497	29.5497	1
811289182	722.066	225.996	27.497	27.497	1	708.906	248.886	29.0308	29.0308	1
811289216	704.818	216.23	27.2701	27.2701	0	0	0	28.9006	28.9006	0
811289249	718.255	223.52	27.2969	27.2969	1	724.37	243.838	30.3188	30.3188	1
811289282	736.263	224.241	27.4665	27.4665	1	712.313	231.633	30.3514	30.3514	1
811289315	722.373	212.359	27.7075	27.7075	1	735.752	245.954	30.2989	30.2989	1
811289349	719.347	221.733	27.6496	27.6496	1	701.886	240.295	30.2591	30.2591	1
811289382	729.74	216.572	27.5267	27.5267	1	753.647	245.049	30.1974	30.1974	1
811289415	734.96	234.082	27.1603	27.1603	1	743.57	255.319	29.7296	29.7296	1
811289449	705.534	235.042	26.6273	26.6273	1	713.775	244.863	29.5389	29.5389	1
811289482	723.556	229.963	26.9244	26.9244	1	722.103	249.409	29.6908	29.6908	1
811289515	721.788	232.989	27.3238	27.3238	1	728.627	251.02	29.2861	29.2861	1
811289549	738.56	210.411	26.6717	26.6717	0	0	0	29.5323	29.5323	0
811289582	726.303	229.884	27.0777	27.0777	1	733.216	263.488	29.4689	29.4689	1
811289615	698.716	238.589	27.0848	27.0848	1	746.434	250.015	29.5195	29.5195	1
811289648	706.72	239.902	26.9409	26.9409	1	733.196	243.249	29.6564	29.6564	1
811289682	697.588	229.625	27.4876	27.4876	1	731.447	253.238	29.7448	29.7448	1
811289715	723.255	228.81	27.4855	27.4855	1	723.958	250.547	29.5084	29.5084	1
811289748	692.929	235.741	27.3582	27.3582	1	707.017	252.482	29.4281	29.4281	1
811289782	735.406	232.254	27.3933	27.3933	1	735.556	259.692	29.652	29.652	1
811289815	727.055	217.341	27.4208	27.4208	1	745.226	259.033	29.8592	29.8592	1
811289848	692.61	236.419	27.5554	27.5554	1	744.314	253.075	30.3142	30.3142	1
811289882	688.811	237.619	27.7526	27.7526	1	699.737	240.625	29.5893	29.5893	1
811289915	746.775	212.408	27.3929	27.3929	1	736.773	259.846	30.3966	30.3966	1
811289948	735.441	224.633	27.5029	27.5029	1	695.56	246.195	29.878	29.878	1
811289982	700.04	228.62	27.5701	27.5701	1	725.004	248.007	29.8821	29.8821	1
811290015	729.092	232.802	27.66	27.66	1	716.799	253.485	30.0078	30.0078	1
811290048	702.116	226.161	27.6727	27.6727	1	737.9	244.449	30.1473	30.1473	1
811290082	743.708	220.442	27.7708	27.7708	1	712.601	243.837	30.3853	30.3853	1
811290115	741.651	221.794	27.7511	27.7511	1	738.114	249.754	30.4215	30.4215	1
811290148	732.581	217.112	27.5391	27.5391	1	749.48	253.632	29.8614	29.8614	1
811290181	707.12	230.654	27.5698	27.5698	1	716.428	237.656	30.275	30.275	1
811290215	709.725	227.379	27.7614	27.7614	1	747.129	236.288	30.1446	30.1446	1
811290248	529.657	251.036	27.8511	27.8511	1	566.215	228.645	29.9332	29.9332	1
811290281	417.424	225.751	27.7227	27.7227	1	433.863	212.713	29.4534	29.4534	1
811290315	410.662	226.662	27.0672	27.0672	1	435.073	211.204	28.8278	28.8278	1
811290348	426.729	221.971	27.4181	27.4181	1	436.79	200.934	28.8331	28.8331	1
811290381	423.33	226.263	27.1527	27.1527	1	442.36	210.053	29.2379	29.2379	1
811290415	416.372	234.22	27.0044	27.0044	1	424.392	196.679	29.0604	29.0604	1
811290448	418.541	231.634	27.0377	27.0377	1	440.461	199.016	29.0746	29.0746	1
811290481	404.382	248.982	27.0662	27.0662	1	446.273	219.679	29.6783	29.6783	1
811290514	461.833	238.529	27.2045	27.2045	1	448.885	219.215	29.1982	29.1982	1
811290548	458.671	233.717	27.5864	27.5864	1	453.806	216.803	29.2879	29.2879	1
811290581	469.474	232.29	27.4786	27.4786	1	441.796	223.893	29.7661	29.7661	1
811290614	445.19	234.438	27.6961	27.6961	1	451.497	230.811	29.4498	29.4498	1
811290648	451.503	237.76	27.5333	27.5333	1	464.787	214.216	29.3856	29.3856	1
811290681	454.276	210.906	27.2077	27.2077	0	0	0	29.3533	29.3533	0
811290714	454.512	252.979	27.2043	27.2043	1	457.672	220.721	28.7366	28.7366	1
811290747	449.364	253.621	27.123	27.123	1	462.71	210.444	28.8885	28.8885	1
811290781	428.882	249.128	26.89	26.89	1	470.308	221.733	28.7104	28.7104	1
811290814	464.031	231.344	26.6513	26.6513	1	463.786	219.016	28.4914	28.4914	1
811290847	450.025	229.901	26.5802	26.5802	1	469.962	225.691	28.2089	28.2089	1
811290881	425.322	230.143	26.401	26.401	1	441.344	220.634	28.5702	28.5702	1
811290914	455.404	239.033	26.2933	26.2933	1	419.332	212.743	28.0254	28.0254	1
811290947	428.423	239.628	26.4582	26.4582	1	457.77	203.811	27.9489	27.9489	1
811290981	449.01	241.09	25.6931	25.6931	1	456.098	208.709	27.7715	27.7715	1
811291014	477.303	232.703	26.4282	26.4282	1	484.159	215.318	28.0367	28.0367	1
811291047	443.376	242.193	26.3065	26.3065	1	476.104	225.443	28.4373	28.4373	1
811291081	478.409	231.714	25.997	25.997	1	476.159	220.857	28.0289	28.0289	1
811291114	475.281	239.237	25.9534	25.9534	1	468.22	222.441	28.1417	28.1417	1
811291147	435.624	237.787	26.3066	26.3066	1	484.014	230.426	28.4504	28.4504	1
811291181	414.83	226.078	26.692	26.692	1	441.056	185.384	28.0213	28.0213	1
811291214	0	0	25.8191	25.8191	0	315.644	139.465	27.0966	27.0966	0
811291247	271.81	183.601	26.6374	26.6374	1	299.157	166.372	28.8468	28.8468	1
811291280	0	0	26.6765	26.6765	0	330.17	131.39	29.098	29.098	0
811291314	284.103	185.381	26.5815	26.5815	1	304.597	167.725	29.106	29.106	1
811291347	299.718	182.514	26.3197	26.3197	0	0	0	29.1076	29.1076	0
811291380	285.492	185.592	26.745	26.745	1	301.226	157.136	29.107	29.107	1
811291414	0	0	26.6234	26.6234	0	321.993	139.073	29.205	29.205	0
811291447	282.679	193.103	26.4768	26.4768	1	305.491	145.941	29.3209	29.3209	1
811291480	248.094	200.241	26.7026	26.7026	1	328.174	165.568	29.2654	29.2654	1
811291514	282.919	209.122	26.7154	26.7154	1	326.244	164.203	29.1812	29.1812	1
811291547	0	0	26.7083	26.7083	0	290.365	147.086	29.6733	29.6733	0
811291580	274.574	200.074	26.8825	26.8825	1	307.063	160.204	29.4011	29.4011	1
811291613	0	0	27.0705	27.0705	0	329.305	151.851	29.4116	29.4116	0
811291647	287.657	180.326	27.1194	27.1194	1	308.599	160.431	29.2524	29.2524	1
811291680	0	0	27.4566	27.4566	0	0	0	29.1107	29.1107	0
811291713	0	0	27.2083	27.2083	0	0	0	29.2108	29.2108	0
811291747	0	0	27.4511	27.4511	0	309.132	136.898	29.1388	29.1388	0
811291780	0	0	0	0	0	286.246	133.344	29.1838	29.1838	0
811291813	273.399	190.169	27.2214	27.2214	1	281.403	147.167	28.9562	28.9562	1
811291846	233.565	207.612	27.2161	27.2161	1	279.624	144.212	28.5717	28.5717	1
811291880	237.025	190.997	27.0125	27.0125	1	300.246	147.474	28.6958	28.6958	1
811291913	265.334	201.802	26.6216	26.6216	1	244.989	143.095	28.0674	28.0674	1
811291947	278.57	194.65	26.3513	26.3513	1	284.837	158.032	27.788	27.788	1
811291980	299.849	192.396	26.5888	26.5888	1	283.373	147.419	27.9289	27.9289	1
811292013	249.456	188.146	26.6298	26.6298	1	286.172	141.495	27.926	27.926	1
811292046	296.127	193.454	26.6711	26.6711	1	285.009	151.005	27.971	27.971	1
811292080	0	0	26.9442	26.9442	0	282.987	144.523	28.3082	28.3082	0
811292113	267.501	197.631	26.7666	26.7666	1	278.088	150.593	28.7	28.7	1
811292146	307.655	185.138	27.4123	27.4123	1	315.612	162.118	28.5938	28.5938	1
811292180	0	0	27.4944	27.4944	0	304.433	127.34	28.7156	28.7156	0
811292213	237.722	249.571	27.8643	27.8643	1	253.945	209.77	29.2291	29.2291	1
811292246	226.926	294.766	27.6346	27.6346	1	226.984	272.884	29.8373	29.8373	1
811292280	234.696	307.564	27.3931	27.3931	1	261.2	268.658	29.5766	29.5766	1
811292313	235.331	310.853	27.732	27.732	1	250.679	268.213	29.4837	29.4837	1
811292346	216.423	333.288	27.6862	27.6862	1	245.547	313.929	30.0003	30.0003	1
811292379	215.595	446.169	28.6926	28.6926	1	248.123	434.905	30.5298	30.5298	1
811292413	204.242	440.473	28.5306	28.5306	1	237.445	440.894	30.4204	30.4204	1
811292446	200.553	463.886	28.3845	28.3845	1	233.38	444.667	30.5043	30.5043	1
811292479	221.459	445.661	28.7871	28.7871	1	226.91	440.042	30.5511	30.5511	1
811292513	196.399	430.467	28.9258	28.9258	1	214.08	440.567	30.6785	30.6785	1
811292546	200.092	440.521	28.8372	28.8372	1	218.768	449.22	31.0025	31.0025	1
811292579	184.801	431.904	29.1987	29.1987	1	204.849	446.91	29.9265	29.9265	1
811292613	200.504	453.604	29.4853	29.4853	1	216.845	439.874	30.8782	30.8782	1
811292646	201.885	447.31	29.0751	29.0751	1	221.73	451.887	30.688	30.688	1
811292679	200.69	451.816	29.6184	29.6184	1	215.626	441.566	31.0113	31.0113	1
811292713	203.825	446.087	29.2244	29.2244	1	206.005	452.673	30.9606	30.9606	1
811292746	201.226	458.613	29.9117	29.9117	1	216.963	435.599	30.8667	30.8667	1
811292779	191.152	465.331	29.8441	29.8441	1	216.662	460.524	31.8233	31.8233	1
811292812	197.138	465.434	29.8447	29.8447	1	212.401	471.231	31.2407	31.2407	1
811292846	209.19	455.721	30.0279	30.0279	1	216.187	463.865	31.1881	31.1881	1
811292879	203.779	436.016	30.1269	30.1269	1	210.377	465.933	31.5149	31.5149	1
811292912	202.939	451.626	30.8071	30.8071	1	221.242	464.641	31.5558	31.5558	1
811292946	195.653	459.802	30.3182	30.3182	1	217.692	460.092	31.7577	31.7577	1
811292979	192.404	452.153	30.5722	30.5722	1	221.779	439.848	31.8306	31.8306	1
811293012	206.238	455.895	30.5109	30.5109	1	207.451	458.498	32.0414	32.0414	1
811293046	211.939	452.488	30.7546	30.7546	1	217.316	464.094	32.1276	32.1276	1
811293079	193.221	456.771	30.5478	30.5478	1	217.727	469.687	31.7525	31.7525	1
811293112	187.551	459.865	30.5686	30.5686	1	222.711	453.314	32.0368	32.0368	1
811293145	210.058	453.926	30.2227	30.2227	1	221.272	462.957	32.1671	32.1671	1
811293179	204.751	462.148	30.9438	30.9438	1	229.051	460.113	32.3515	32.3515	1
811293212	199.925	460.389	31.163	31.163	1	213.592	476.55	32.2711	32.2711	1
811293245	184.896	462.017	30.8092	30.8092	1	223.195	448.372	32.9405	32.9405	1
811293279	182.478	466.417	30.9531	30.9531	1	225.683	468.206	32.5216	32.5216	1
811293312	193.745	451.253	31.0865	31.0865	1	229.25	467.338	32.7286	32.7286	1
811293345	201.33	451.367	31.3043	31.3043	1	223.628	455.285	32.6952	32.6952	1
811293379	198.685	458.842	31.588	31.588	1	219.858	469.702	33.2629	33.2629	1
811293412	217.197	406.541	30.9192	30.9192	1	258.005	433.541	32.8814	32.8814	1
811293445	238.102	405.342	31.2187	31.2187	1	265.442	416.131	33.0768	33.0768	1
811293478	272.735	351.595	31.2555	31.2555	1	308.625	373.429	33.1703	33.1703	1
811293515	289.875	353.941	31.5926	31.5926	1	325.161	372.479	33.7137	33.7137	1
811293546	279.381	361.402	31.4213	31.4213	1	311.907	376.129	33.6395	33.6395	1
811293578	268.535	372.499	31.1754	31.1754	1	281.215	356.895	33.7737	33.7737	1
811293612	280.669	360.415	31.6129	31.6129	1	320.823	362.436	33.3061	33.3061	1
811293645	295.867	353.31	31.3421	31.3421	1	314.067	360.995	33.6745	33.6745	1
811293678	284.098	362.864	31.2193	31.2193	1	319.941	359.646	33.2615	33.2615	1
811293712	292.157	350.086	31.2519	31.2519	1	324.949	354.192	33.2077	33.2077	1
811293745	300.323	341.3	31.06	31.06	1	326.389	350.563	33.2266	33.2266	1
811293778	272.744	340.082	31.046	31.046	1	322.22	350.601	33.1679	33.1679	1
811293811	306.954	329.346	30.9553	30.9553	1	329.707	356.259	33.2425	33.2425	1
811293845	316.699	341.148	30.6527	30.6527	1	321.055	353.723	32.9531	32.9531	1
811293878	302.866	352.388	31.1267	31.1267	1	336.551	354.328	33.0984	33.0984	1
811293911	305.875	349.921	30.7336	30.7336	1	318.798	348.121	32.0121	32.0121	1
811293945	300.095	353.827	31.1151	31.1151	1	327.868	362.703	32.1646	32.1646	1
811293978	311.418	336.974	30.9118	30.9118	1	339.976	371.42	32.0758	32.0758	1
811294011	309.52	357.167	30.9644	30.9644	1	336.781	350.081	31.8174	31.8174	1
811294045	307.196	345.969	31.0307	31.0307	1	341.255	349.611	31.8594	31.8594	1
811294078	293.824	353.369	30.9694	30.9694	1	344.511	357.135	31.5833	31.5833	1
811294111	311.82	344.769	30.9295	30.9295	1	336.009	354.003	32.0175	32.0175	1
811294145	306.03	344.366	30.7386	30.7386	1	329.864	358.572	31.7918	31.7918	1
811294178	293.631	338.897	30.9531	30.9531	1	323.939	343.742	32.2951	32.2951	1
811294211	301.145	336.149	30.8625	30.8625	1	342.681	349.32	31.7723	31.7723	1
811294244	318.755	332.302	30.891	30.891	1	342.794	359.499	32.3381	32.3381	1
811294278	291.951	348.566	31.2506	31.2506	1	336.396	349.41	31.9336	31.9336	1
811294311	303.004	352.6	30.9568	30.9568	1	360.006	349.88	31.9586	31.9586	1
811294344	304.408	342.416	30.4893	30.4893	1	334.011	335.989	31.3027	31.3027	1
811294378	291.762	350.455	30.9785	30.9785	1	330.604	349.46	32.1785	32.1785	1
811294411	291.689	356.265	31.2139	31.2139	1	333.595	354.645	32.0752	32.0752	1
811294444	296.282	346.489	30.6249	30.6249	1	347.383	348.417	32.0365	32.0365	1
811294478	296.821	352.98	30.9119	30.9119	1	332.796	355.345	32.4504	32.4504	1
811294511	311.03	338.694	31.0456	31.0456	1	327.509	328.515	31.8346	31.8346	1
811294544	293.847	359.527	30.8284	30.8284	1	335.117	344.785	31.9747	31.9747	1
811294578	294.666	352.903	30.1735	30.1735	1	319.526	336.481	32.2214	32.2214	1
811294611	430.071	278.937	30.3136	30.3136	1	469.877	267.853	32.5466	32.5466	1
811294644	454.082	279.822	30.1763	30.1763	1	491.269	261.897	32.9044	32.9044	1
811294677	455.019	281.288	30.34	30.34	1	490.497	267.16	33.0318	33.0318	1
811294711	470.718	271.743	30.3902	30.3902	1	484.475	265.001	32.8368	32.8368	1
811294744	466.822	273.034	30.5195	30.5195	1	494.073	272.29	32.9362	32.9362	1
811294777	462.683	294.455	30.406	30.406	1	494.104	256.078	32.8121	32.8121	1
811294811	462.473	269.106	30.5941	30.5941	1	474.299	257.806	32.8715	32.8715	1
811294844	512.565	301.676	30.8099	30.8099	1	540.008	309.905	33.3708	33.3708	1
811294877	497.316	346.853	30.8885	30.8885	1	525.341	344.264	33.6694	33.6694	1
811294911	523.651	345.353	30.319	30.319	1	529.383	321.206	32.6095	32.6095	1
811294944	492.428	346.049	30.161	30.161	1	540.098	344.443	32.1475	32.1475	1
811294977	472.991	346.346	29.9642	29.9642	1	525.512	337.427	32.7911	32.7911	1
811295011	503.684	353.165	29.8803	29.8803	1	530.628	329.564	32.0507	32.0507	1
811295044	509.71	335.683	29.0344	29.0344	1	529.774	339.98	31.8916	31.8916	1
811295077	489.966	347.281	29.7239	29.7239	1	528.686	333.988	31.9105	31.9105	1
811295110	522.599	347.185	29.7401	29.7401	1	546.414	344.094	31.7868	31.7868	1
811295144	515.487	328.529	29.2375	29.2375	1	533.757	346.282	31.3924	31.3924	1
811295177	469.8	351.19	29.1645	29.1645	1	563.212	344.788	31.8233	31.8233	1
811295210	490.521	354.375	29.5583	29.5583	1	519.48	355.726	30.8051	30.8051	1
811295243	514.664	353.956	29.288	29.288	1	534.828	353.251	31.4414	31.4414	1
811295277	514.975	348.227	29.1854	29.1854	1	534.958	342.077	31.1188	31.1188	1
811295310	500.424	360.625	28.9866	28.9866	1	536.974	354.51	31.3784	31.3784	1
811295343	506.107	362.978	29.1741	29.1741	1	537.397	343.217	31.1576	31.1576	1
811295377	510.729	344.454	29.0422	29.0422	1	539.215	354.476	31.1861	31.1861	1
811295410	509.94	345.611	29.0481	29.0481	1	528.215	342.925	30.4497	30.4497	1
811295443	504.159	355.079	28.6081	28.6081	1	537.219	342.384	30.5328	30.5328	1
811295477	489.506	344.943	28.4478	28.4478	1	540.102	355.462	30.4626	30.4626	1
811295510	499.477	349.017	28.0129	28.0129	1	535	345.027	29.946	29.946	1
811295543	511.423	339.997	28.0244	28.0244	1	530.286	350.965	29.6959	29.6959	1
811295577	512.609	340.005	28.1265	28.1265	1	550.92	348.137	29.7608	29.7608	1
811295610	527.793	340.853	28.4505	28.4505	1	538.587	357.958	30.1703	30.1703	1
811295643	522.699	344.112	28.2831	28.2831	1	540.628	347.748	29.8331	29.8331	1
811295677	531.014	342.157	27.3472	27.3472	1	549.184	344.79	29.7412	29.7412	1
811295710	535.803	339.576	27.8795	27.8795	1	542.372	354.531	29.914	29.914	1
811295743	500.194	357.83	28.4146	28.4146	1	530.016	354.97	29.6658	29.6658	1
811295777	529.557	350.697	27.929	27.929	1	538.376	348.296	29.366	29.366	1
811295810	501.403	353.99	28.033	28.033	1	547.42	350.746	28.9086	28.9086	1
811295843	528.802	345.389	27.8271	27.8271	1	538.027	340.797	29.2158	29.2158	1
811295876	531.527	359.242	28.0716	28.0716	1	542.005	346.47	29.1522	29.1522	1
811295910	520.662	350.835	27.1652	27.1652	1	550.987	342.084	28.5786	28.5786	1
811295943	533.349	356.311	27.2206	27.2206	1	546.634	343.516	28.479	28.479	1
811295976	497.147	299.122	27.0824	27.0824	1	528.643	295.471	28.5801	28.5801	1
811296010	447.22	245.98	26.7909	26.7909	1	476.211	228.026	28.4369	28.4369	1
811296043	492.944	239.698	26.8347	26.8347	1	490.708	232.125	28.2529	28.2529	1
811296076	449.283	233.657	26.8641	26.8641	1	491.955	228.297	28.7621	28.7621	1
811296110	506.226	220.247	27.1785	27.1785	1	497.959	219.432	29.1639	29.1639	1
811296143	487.759	249.075	27.083	27.083	1	489.199	227.203	28.987	28.987	1
811296176	487.936	242.445	27.6762	27.6762	1	487.378	219.796	28.9803	28.9803	1
811296209	482.611	243.295	27.2971	27.2971	1	490.488	225.098	29.1089	29.1089	1
811296243	476.694	234.495	27.6916	27.6916	1	484.516	223.143	28.7672	28.7672	1
811296276	435.817	244.25	27.2709	27.2709	1	469.99	215.918	28.75	28.75	1
811296309	473.922	244.04	27.465	27.465	1	480.789	217.626	28.8434	28.8434	1
811296343	462.739	236.698	27.3316	27.3316	1	475.662	218.398	28.9388	28.9388	1
811296376	457.717	242.554	27.2258	27.2258	1	467.399	224.396	28.5515	28.5515	1
811296409	427.175	241.578	26.9712	26.9712	1	482.541	237.458	28.556	28.556	1
811296443	417.527	242.366	27.0563	27.0563	1	466.823	217.806	28.0984	28.0984	1
811296476	464.136	239.885	26.7138	26.7138	1	474.326	221.498	27.9627	27.9627	1
811296509	458.591	239.121	26.541	26.541	1	460.869	228.113	28.2187	28.2187	1
811296542	477.125	245.584	27.2563	27.2563	1	462.598	224.804	28.3567	28.3567	1
811296576	459.68	235	27.2469	27.2469	1	465.854	212.123	28.4788	28.4788	1
811296609	470.356	230.195	27.0581	27.0581	1	477.012	213.89	28.5005	28.5005	1
811296642	466.236	231.761	27.5039	27.5039	1	482.53	225.75	29.3772	29.3772	1
811296676	473.011	239.018	27.3508	27.3508	1	477.958	225.46	28.899	28.899	1
811296709	435.252	233.649	27.1921	27.1921	1	479.313	209.963	28.9992	28.9992	1
811296742	458.647	234.53	27.2104	27.2104	1	475.281	221.95	28.8164	28.8164	1
811296776	448.248	241.86	27.6327	27.6327	1	468.767	227.795	29.1245	29.1245	1
811296809	457.158	252.578	27.9297	27.9297	1	481.101	226.402	29.759	29.759	1
811296842	432.345	242.597	27.9681	27.9681	1	460.491	214.507	30.1109	30.1109	1
811296876	459.765	212.235	27.5439	27.5439	0	0	0	29.7714	29.7714	0
811296909	452.917	248.179	28.6803	28.6803	1	469.879	232.371	30.9898	30.9898	1
811296942	429.682	242.076	28.6316	28.6316	1	484.167	227.02	31.2736	31.2736	1
811296975	415.972	253.79	29.1664	29.1664	1	479.944	229.45	31.4739	31.4739	1
811297009	464.371	245.764	28.7652	28.7652	1	473.421	223.854	31.572	31.572	1
811297042	449.995	228.657	29.6661	29.6661	0	0	0	31.2758	31.2758	0
811297075	456.719	252.651	29.6708	29.6708	1	479.411	220.432	31.9885	31.9885	1
811297109	456.578	243.126	29.6899	29.6899	1	493.698	223.332	31.8074	31.8074	1
811297142	469.833	244.577	29.5937	29.5937	1	467.709	222.671	32.0324	32.0324	1
811297175	460.365	248.766	30.3038	30.3038	1	471.703	226.776	31.7351	31.7351	1
811297208	453.934	240.381	30.1417	30.1417	1	493.104	231.14	32.0641	32.0641	1
811297242	480.233	241.071	28.8206	28.8206	1	474.824	232.633	30.8819	30.8819	1
811297275	0	0	29.1439	29.1439	0	465.828	196.779	30.8299	30.8299	0
811297308	462.036	257.89	29.3051	29.3051	1	480.198	230.389	30.8264	30.8264	1
811297342	420.231	251.41	29.4121	29.4121	1	474.644	226.166	31.1304	31.1304	1
811297375	0	0	29.5524	29.5524	0	481.558	197.571	30.8601	30.8601	0
811297408	471.539	234.212	29.719	29.719	1	478.576	223.174	31.0097	31.0097	1
811297442	464.159	261.132	30.1586	30.1586	1	479.673	242.694	30.9935	30.9935	1
811297475	471.024	251.63	30.1277	30.1277	1	500.999	234.154	31.164	31.164	1
811297508	477.259	246.109	30.0786	30.0786	1	495.619	242.681	31.2108	31.2108	1
811297542	466.937	239.867	30.3496	30.3496	0	0	0	31.5575	31.5575	0
811297575	469.404	246.445	31.5251	31.5251	1	490.229	248.163	32.5741	32.5741	1
811297608	463.975	253.083	31.4356	31.4356	1	500.88	252.273	33.0693	33.0693	1
811297641	0	0	31.5141	31.5141	0	495.706	227.319	33.1948	33.1948	0
811297675	475.185	264.824	31.8159	31.8159	1	490.662	238.714	32.928	32.928	1
811297708	476.87	231.287	31.5946	31.5946	0	0	0	33.1134	33.1134	0
811297741	461.304	251.51	31.7865	31.7865	1	493.145	247.077	32.8504	32.8504	1
811297775	493.24	252.896	31.9475	31.9475	1	499.631	249.997	32.7915	32.7915	1
811297808	0	0	31.9656	31.9656	0	489.561	212.843	32.7576	32.7576	0
811297841	481.039	245.649	31.8616	31.8616	1	488.375	243.691	33.2081	33.2081	1
811297875	0	0	31.9612	31.9612	0	479.572	230.853	33.2071	33.2071	0
811297908	476.44	252.099	31.3682	31.3682	1	487.253	242.309	33.2543	33.2543	1
811297941	434.395	254.301	31.3792	31.3792	1	486.676	238.197	33.1523	33.1523	1
811297975	441.262	257.608	31.3253	31.3253	1	483.589	250.793	33.038	33.038	1
811298008	0	0	30.9131	30.9131	0	484.31	215.299	32.7341	32.7341	0
811298041	451.572	259.813	30.9728	30.9728	1	488.868	242.66	32.7241	32.7241	1
811298074	0	0	31.1712	31.1712	0	0	0	32.8107	32.8107	0
811298108	440.444	253.156	30.8354	30.8354	1	479.791	236.196	31.9797	31.9797	1
811298141	419.033	239.343	30.9785	30.9785	0	0	0	32.5677	32.5677	0
811298174	460.111	250.775	31.1203	31.1203	1	490.557	252.547	32.7052	32.7052	1
811298208	459.647	246.892	30.3387	30.3387	1	482.871	240.82	32.5675	32.5675	1
811298241	462.868	238.296	30.0576	30.0576	1	481.278	248.898	31.6446	31.6446	1
811298274	485.581	222.749	30.6243	30.6243	0	0	0	31.7738	31.7738	0
811298308	451.783	261.92	30.3338	30.3338	1	483.844	241.184	31.7689	31.7689	1
811298341	464.985	241.821	30.638	30.638	1	481.947	241.305	31.9736	31.9736	1
811298374	466.846	252.948	30.4273	30.4273	1	484.317	243.048	31.6392	31.6392	1
811298407	460.045	261.769	30.3337	30.3337	1	497.392	246.942	31.4692	31.4692	1
811298441	568.245	309.377	30.5566	30.5566	1	601.617	306.58	31.4877	31.4877	1
811298474	585.36	334.393	30.3949	30.3949	1	639.688	346.064	31.1162	31.1162	1
811298507	595.581	326.716	29.7155	29.7155	1	627.986	361.743	31.5022	31.5022	1
811298541	599.149	350.15	29.9848	29.9848	1	622.246	338.936	30.5183	30.5183	1
811298574	596.354	332.477	29.4384	29.4384	1	632.723	355.258	30.264	30.264	1
811298607	604.075	335.572	29.7793	29.7793	1	626.196	340.359	30.4987	30.4987	1
811298641	601.181	329.311	29.7189	29.7189	1	630.657	339.515	30.6268	30.6268	1
811298674	588.838	349.645	30.1341	30.1341	1	633.132	360.483	30.6591	30.6591	1
811298707	557.042	340.865	29.88	29.88	1	639.416	341.381	30.2295	30.2295	1
811298741	594.562	320.211	29.4065	29.4065	1	619.718	349.73	30.5209	30.5209	1
811298774	606.579	323.621	29.6803	29.6803	1	640.533	352.823	30.6036	30.6036	1
811298807	647.448	394.539	29.8928	29.8928	1	711.055	404.121	31.0188	31.0188	1
811298840	697.686	405.039	29.7359	29.7359	1	738.193	413.773	30.8758	30.8758	1
811298874	698.652	412.018	29.4922	29.4922	1	751.164	430.761	31.4896	31.4896	1
811298907	692.133	429.034	30.6824	30.6824	1	745.75	441.044	31.6286	31.6286	1
811298940	681.874	442.046	30.5386	30.5386	1	745.942	421.781	31.6276	31.6276	1
811298974	708.547	423.931	30.378	30.378	1	740.364	433.625	31.8206	31.8206	1
811299007	698.454	431.279	30.3586	30.3586	1	740.396	421.545	31.2107	31.2107	1
811299040	695.909	428.04	30.3579	30.3579	1	749.06	427.68	31.768	31.768	1
811299074	712.924	431.292	29.8208	29.8208	1	755.474	436.121	31.4294	31.4294	1
811299107	692.885	433.903	30.1225	30.1225	1	744.615	451.101	32.067	32.067	1
811299140	705.382	458.633	29.6766	29.6766	1	737.672	458.021	31.07	31.07	1
811299173	702.504	460.354	29.6246	29.6246	1	756.984	501.796	31.3536	31.3536	1
811299207	692.6	444.978	29.4383	29.4383	1	736.32	441.178	31.0616	31.0616	1
811299240	695.572	433.646	29.3027	29.3027	1	730.715	448.516	31.4561	31.4561	1
811299273	692.646	427.728	29.4302	29.4302	1	732.734	434.694	31.1307	31.1307	1
811299307	459.65	413.722	28.7782	28.7782	1	736.829	415.792	31.3919	31.3919	1
811299340	450.206	427.037	29.171	29.171	1	741.203	435.188	30.8324	30.8324	1
811299373	441.648	434.484	29.2396	29.2396	1	750.089	431.937	31.3632	31.3632	1
811299406	456.062	427.978	28.9027	28.9027	1	758.994	431.763	31.1303	31.1303	1
811299440	453.47	410.545	29.0008	29.0008	1	752.141	428.534	30.4276	30.4276	1
811299473	457.613	424.651	28.9466	28.9466	1	743.57	442.104	30.7314	30.7314	1
811299507	725.034	404.836	28.6682	28.6682	1	742.128	417.768	30.5075	30.5075	1
811299540	472.873	405.931	29.0789	29.0789	1	744.981	437.185	30.5639	30.5639	1
811299573	0	0	30.1431	30.1431	0	733.499	393.563	30.3904	30.3904	0
811299607	0	0	29.8587	29.8587	0	742.025	394.768	30.5437	30.5437	0
811299640	0	0	29.6008	29.6008	0	761.649	360.1	30.6026	30.6026	0
811299673	0	0	29.985	29.985	0	453.13	404.502	30.9046	30.9046	0
811299706	0	0	29.533	29.533	0	741.127	394.874	30.2909	30.2909	0
811299740	0	0	29.1994	29.1994	0	732.876	391.649	30.4926	30.4926	0
811299773	0	0	29.7541	29.7541	0	440.811	349.826	30.1529	30.1529	0
