StaticBinocular
time	left_x	left_y	left_w	left_h	left_valid	right_x	right_y	right_w	right_h	right_valid
100113307	762.126	446.219	27.6615	27.6615	1	666.603	470.546	26.2001	26.2001	1
100113341	782.52	458.061	27.9284	27.9284	1	694.742	493.333	26.3157	26.3157	1
100113374	760.514	447.808	27.7394	27.7394	1	679.338	494.891	26.5136	26.5136	1
100113408	775.922	460.402	28.137	28.137	1	694.364	484.134	26.315	26.315	1
100113441	736.988	453.759	28.513	28.513	1	700.826	444.558	26.6221	26.6221	1
100113474	782.996	435.639	28.3429	28.3429	1	687.569	485.915	26.6535	26.6535	1
100113508	749.704	494.682	28.4854	28.4854	1	687.355	462.578	26.7883	26.7883	1
100113541	747.441	478.125	28.4177	28.4177	1	628.88	502.536	26.8635	26.8635	1
100113574	755.642	488.306	28.5805	28.5805	1	652.365	450.732	26.6502	26.6502	1
100113608	758.544	486.688	28.8976	28.8976	1	665.365	445.785	26.6344	26.6344	1
100113641	769.972	451.34	29.152	29.152	1	678.897	486.96	27.0751	27.0751	1
100113674	758.989	430.636	29.3526	29.3526	1	693.365	454.083	27.0047	27.0047	1
100113707	749.363	474.202	29.4077	29.4077	1	666.019	486.536	26.7072	26.7072	1
100113740	775.612	494.253	29.2939	29.2939	1	725.713	452.601	27.1435	27.1435	1
100113773	731.83	470.474	29.3588	29.3588	1	695.01	451.072	27.1887	27.1887	1
100113807	768.245	414.733	29.6018	29.6018	1	715.055	445.694	27.1514	27.1514	1
100113841	781.711	458.591	30.0399	30.0399	1	706.497	480.685	26.8446	26.8446	1
100113874	776.081	465.177	29.6178	29.6178	1	659.614	486.842	27.0083	27.0083	1
100113907	608.043	624.576	30.4414	30.4414	1	555.359	649.946	27.437	27.437	1
100113940	468.797	904.302	30.5997	30.5997	1	437.825	927.122	27.327	27.327	1
100113973	490.438	902.414	29.9771	29.9771	1	424.441	904.119	26.8751	26.8751	1
100114007	537.552	916.26	29.7518	29.7518	1	427.411	875.346	26.7264	26.7264	1
100114040	513.961	908.742	29.8473	29.8473	1	457.05	904.585	27.3019	27.3019	1
100114073	523.28	900.608	29.7492	29.7492	1	444.426	893.266	27.9691	27.9691	1
100114107	498.005	902.711	29.7509	29.7509	1	468.064	900.792	27.972	27.972	1
100114141	371.059	969.348	30.0383	30.0383	1	319.626	973.068	28.0642	28.0642	1
100114173	214.949	1064.82	30.1431	30.1431	1	194.275	1088.33	27.7332	27.7332	1
100114206	221.033	1078.9	30.0531	30.0531	1	173.566	1051.05	28.0472	28.0472	1
100114240	255.563	1042.07	30.4369	30.4369	1	185.609	1021.14	28.0479	28.0479	1
100114274	249.447	1061.23	30.1374	30.1374	1	180.771	1034.08	27.9484	27.9484	1
100114307	236.186	1059.77	30.0623	30.0623	1	201.684	1054.89	27.5735	27.5735	1
100114340	259.489	1051.25	30.0227	30.0227	1	212.435	1056.73	27.725	27.725	1
100114374	270.996	1052.66	30.3592	30.3592	1	194.603	1022.16	27.3174	27.3174	1
100114406	368.73	992.258	30.1761	30.1761	1	307.195	998.925	27.3982	27.3982	1
100114440	328.209	975.375	29.7802	29.7802	1	306.792	1004.7	27.2643	27.2643	1
100114474	365.285	1028.19	29.9247	29.9247	1	276.163	1000.51	27.1298	27.1298	1
100114507	311.841	972.765	29.5271	29.5271	1	320.167	1006.84	27.0565	27.0565	1
100114540	308.893	1001.7	29.5891	29.5891	1	264.437	954.924	27.0103	27.0103	1
100114573	370.418	970.247	29.5538	29.5538	1	333.277	924.425	27.3391	27.3391	1
100114607	703.653	360.637	28.9532	28.9532	1	648.592	325.593	27.3952	27.3952	1
100114640	732.678	312.344	29.0262	29.0262	1	599.085	296.949	27.0099	27.0099	1
100114673	677.519	396.944	28.7822	28.7822	1	626.112	359.069	26.8835	26.8835	1
100114706	681.625	395.239	28.8587	28.8587	1	622.441	374.728	26.6246	26.6246	1
100114740	674.174	364.247	28.9195	28.9195	1	591.95	381.732	26.8489	26.8489	1
100114774	657.131	457.621	28.6478	28.6478	1	610.304	360.805	26.764	26.764	1
100114807	672.39	388.21	28.6582	28.6582	1	594.994	411.056	26.5438	26.5438	1
100114840	639.955	387.245	28.6086	28.6086	1	580.714	386.66	26.6775	26.6775	1
100114873	650.418	391.528	28.5469	28.5469	1	604.528	414.813	26.0384	26.0384	1
100114907	700.495	397.091	28.3557	28.3557	1	596.489	430.965	25.9841	25.9841	1
100114940	662.159	374.694	27.9193	27.9193	1	611.283	393.302	26.0328	26.0328	1
100114973	625.919	386.768	27.8789	27.8789	1	593.209	392.598	25.8296	25.8296	1
100115006	768.846	541.827	27.7259	27.7259	1	676.371	545.358	25.8517	25.8517	1
100115039	742.184	517.321	27.7185	27.7185	1	703.316	499.031	26.1289	26.1289	1
100115073	772.921	496.784	27.7886	27.7886	1	683.036	503.196	25.8809	25.8809	1
100115106	757.947	496.071	27.5638	27.5638	1	712.849	461.922	25.7808	25.7808	1
100115139	740.307	520.897	27.6751	27.6751	1	668.702	510.407	25.7461	25.7461	1
100115173	740.51	501.4	28.025	28.025	1	681.239	445.671	25.9334	25.9334	1
100115206	740.406	498.51	28.3774	28.3774	1	621.306	479.286	25.9304	25.9304	1
100115239	724.099	493.127	28.476	28.476	1	660.417	477.772	26.4013	26.4013	1
100115272	684.456	559.404	29.042	29.042	1	661.94	508.84	26.3636	26.3636	1
100115306	754.484	511.506	29.1032	29.1032	1	710.84	438.085	26.5775	26.5775	1
100115339	699.79	537.722	29.1149	29.1149	1	650.913	467.011	27.0261	27.0261	1
100115372	742.918	546.294	29.6186	29.6186	1	670.014	524.886	27.0294	27.0294	1
100115406	718.656	502.576	29.353	29.353	1	658.08	480.487	26.5317	26.5317	1
100115439	702.132	494.033	29.919	29.919	1	677.271	480.72	26.7493	26.7493	1
100115473	713.692	506.663	30.1639	30.1639	1	699.909	487.272	26.9868	26.9868	1
100115506	706.753	551.89	30.309	30.309	1	656.489	519.177	27.5757	27.5757	1
100115539	738.789	504.503	30.4812	30.4812	1	703.631	497.192	27.2148	27.2148	1
100115572	734.542	533.608	30.6428	30.6428	1	704.748	541.796	27.5028	27.5028	1
100115605	700.929	519.912	30.9334	30.9334	1	694.878	486.269	27.8718	27.8718	1
100115639	723.705	504.557	31.0337	31.0337	1	673.923	507.072	27.8206	27.8206	1
100115672	750.858	510.408	31.0617	31.0617	1	710.522	531.108	28.0467	28.0467	1
100115705	775.617	520.419	31.1788	31.1788	1	660.356	547.024	28.2513	28.2513	1
100115739	698.598	458.984	30.5656	30.5656	1	596.05	445.409	28.773	28.773	1
100115772	633.68	446.718	30.3282	30.3282	1	613.606	464.777	29.2292	29.2292	1
100115805	628.674	469.453	30.8459	30.8459	1	655.151	451.116	29.2195	29.2195	1
100115838	680.076	467.531	30.9811	30.9811	1	638.933	398.284	29.2143	29.2143	1
100115873	667.684	458.411	31.0504	31.0504	1	615.267	463.459	29.2398	29.2398	1
100115906	674.297	431.739	30.9331	30.9331	1	607.959	418.68	29.407	29.407	1
100115939	652.58	473.688	31.0408	31.0408	1	642.84	426.189	29.265	29.265	1
100115972	642.938	441.239	30.9864	30.9864	1	604.004	410.455	29.3733	29.3733	1
100116006	690.193	467.779	30.9336	30.9336	1	586.307	461.297	29.1417	29.1417	1
100116039	640.431	433.243	31.2559	31.2559	1	637.653	428.936	29.5596	29.5596	1
100116072	668.654	474.576	30.9265	30.9265	1	645.985	481.909	28.4474	28.4474	1
100116106	664.861	483.381	31.0937	31.0937	1	613.665	486.392	28.6751	28.6751	1
100116139	677.82	533.036	30.6344	30.6344	1	616.037	448.095	28.0998	28.0998	1
100116172	671.074	452.829	30.6225	30.6225	1	622.043	464.709	28.2231	28.2231	1
100116206	804.128	546.83	30.7505	30.7505	1	762.808	507.157	27.9879	27.9879	1
100116239	836.527	535.689	30.1737	30.1737	1	804.055	550.15	28.0996	28.0996	1
100116272	855.068	555.786	30.2131	30.2131	1	804.824	501.863	28.2639	28.2639	1
100116305	799.763	585.537	30.4782	30.4782	1	793.965	507.878	28.0064	28.0064	1
100116338	796.433	534.791	30.0971	30.0971	1	827.593	522.366	28.2212	28.2212	1
100116372	847.015	574.096	30.6898	30.6898	1	767.377	530.203	28.0833	28.0833	1
100116405	810.583	566.231	31.1177	31.1177	1	778.636	533.123	28.2601	28.2601	1
100116439	819.571	596.742	31.5033	31.5033	1	775.026	540.406	28.3339	28.3339	1
100116472	842.346	542.442	31.4312	31.4312	1	802.685	520.218	28.1609	28.1609	1
100116505	819.252	527.256	31.4701	31.4701	1	752.545	540.057	28.2117	28.2117	1
100116539	578.599	406.755	31.4452	31.4452	1	563.006	438.244	28.4199	28.4199	1
100116572	386.509	230.3	32.1406	32.1406	1	331.992	242.142	28.2952	28.2952	1
100116605	404.153	266.303	31.5366	31.5366	1	354.542	283.444	28.4735	28.4735	1
100116639	432.969	265.921	31.8772	31.8772	1	337.665	298.258	28.5143	28.5143	1
100116672	421.267	297.807	32.0811	32.0811	1	374.773	341.124	28.2181	28.2181	1
100116705	443.738	269.327	32.2396	32.2396	1	402.003	301.483	28.6401	28.6401	1
100116738	471.656	274.999	30.321	30.321	1	341.678	291.844	28.1641	28.1641	1
100116772	405.047	291.19	29.2747	29.2747	1	392.161	337.89	27.7116	27.7116	1
100116805	295.278	259.481	29.237	29.237	1	267.679	274.264	27.4444	27.4444	1
100116838	302.045	237.941	28.2417	28.2417	1	266.185	310.763	26.9746	26.9746	1
100116872	317.832	248.325	27.724	27.724	1	307.737	365.506	27.0132	27.0132	1
100116905	342.25	273.869	27.4493	27.4493	1	300.868	293.239	26.974	26.974	1
100116938	348.661	222.573	27.6596	27.6596	1	293.192	262.191	26.7634	26.7634	1
100116972	342.282	258.511	27.0257	27.0257	1	287.499	290.372	26.2911	26.2911	1
100117005	351.39	279.474	29.3471	29.3471	1	256.483	294.257	26.3822	26.3822	1
100117038	406.361	246.01	30.7863	30.7863	1	269.253	253.971	27.3351	27.3351	1
100117072	345.014	200.874	28.6673	28.6673	0	0	0	27.6917	27.6917	0
100117105	350.486	238.732	27.8985	27.8985	1	272.442	321.128	24.426	24.426	1
100117138	339.175	221.03	27.7202	27.7202	1	444.836	-97.9133	19.8869	19.8869	1
100117171	305.155	211.29	27.3909	27.3909	1	856.551	-391.757	16.8028	16.8028	1
100117205	309.723	147.376	27.0755	27.0755	0	0	0	0	0	0
100117238	333.354	104.393	26.5901	26.5901	0	0	0	0	0	0
100117271	329.082	133.883	26.6179	26.6179	0	0	0	0	0	0
100117304	320.182	124.102	25.7472	25.7472	0	0	0	0	0	0
100117338	212.347	-79.221	23.9356	23.9356	0	0	0	0	0	0
100117371	321.542	-286.196	19.5603	19.5603	0	0	0	0	0	0
100117404	325.029	192.682	27.8962	27.8962	1	288.143	282.424	26.7059	26.7059	1
100117471	0	0	0	0	0	0	0	0	0	0
100117504	0	0	0	0	0	0	0	0	0	0
100117537	0	0	0	0	0	0	0	0	0	0
100117571	0	0	0	0	0	0	0	0	0	0
100117605	0	0	0	0	0	0	0	0	0	0
100117638	0	0	0	0	0	0	0	0	0	0
100117671	0	0	0	0	0	0	0	0	0	0
100117704	0	0	0	0	0	0	0	0	0	0
100117738	0	0	0	0	0	0	0	0	0	0
100117771	0	0	0	0	0	0	0	0	0	0
100117804	0	0	0	0	0	0	0	0	0	0
100117839	0	0	0	0	0	0	0	0	0	0
100117871	0	0	0	0	0	0	0	0	0	0
100117904	0	0	0	0	0	0	0	0	0	0
100117938	0	0	0	0	0	0	0	0	0	0
100117973	0	0	0	0	0	0	0	0	0	0
100118037	0	0	0	0	0	0	0	0	0	0
100118111	0	0	0	0	0	0	0	0	0	0
100118171	0	0	0	0	0	0	0	0	0	0
100118304	298.905	206.012	28.2632	28.2632	1	226.744	230.376	25.9674	25.9674	1
100118404	797.263	388.21	29.3018	29.3018	1	754.872	365.576	26.7567	26.7567	1
100118570	733.946	404.699	29.9774	29.9774	1	694.957	339.128	27.0467	27.0467	1
100118604	709.576	395.358	29.7506	29.7506	1	609.651	385.208	27.3583	27.3583	1
100118637	734.948	380.42	29.9345	29.9345	1	657.472	380.606	27.7091	27.7091	1
100118670	714.211	372.053	30.1068	30.1068	1	636.521	365.443	27.6646	27.6646	1
100118704	702.76	377.065	30.0256	30.0256	1	690.055	322.839	27.5989	27.5989	1
100118737	716.281	347.029	30.2509	30.2509	1	646.334	355.866	27.7474	27.7474	1
100118770	731.357	399.725	30.1862	30.1862	1	665.595	391.231	27.5665	27.5665	1
100118803	733.343	364.832	30.2746	30.2746	1	628.414	391.907	27.5968	27.5968	1
100118837	621.718	366.663	29.7402	29.7402	1	559.41	344.311	28.2595	28.2595	1
100118870	478.576	255.357	29.8551	29.8551	1	405.853	279.036	27.9409	27.9409	1
100118903	522.948	327.692	29.7913	29.7913	1	423.803	261.928	27.8265	27.8265	1
100118937	569.435	273.085	30.0384	30.0384	1	418.258	309.848	28.0701	28.0701	1
100118970	517.995	323.997	29.8409	29.8409	1	443.424	286.148	28.4113	28.4113	1
100119003	536.495	316.308	30.0251	30.0251	1	422.79	283.936	28.5086	28.5086	1
100119036	545.598	309.236	30.0932	30.0932	1	451.014	295.21	28.7626	28.7626	1
100119069	0	0	16.2268	16.2268	0	590.453	850.035	24.7648	24.7648	0
100119103	0	0	0	0	0	0	0	0	0	0
100119136	399.818	1395.52	17.9428	17.9428	1	576.949	1014.52	24.6762	24.6762	1
100119169	478.097	302.57	30.2263	30.2263	1	385.322	264.141	28.5993	28.5993	1
100119202	487.606	278.201	30.7503	30.7503	1	384.348	307.806	28.647	28.647	1
100119236	511.467	228.08	30.7829	30.7829	1	386.791	245.566	28.7202	28.7202	1
100119269	524.188	240.404	30.8893	30.8893	1	380.66	254.415	28.504	28.504	1
100119303	521.663	287.095	30.8185	30.8185	1	395.513	286.972	28.761	28.761	1
100119336	515.525	308.651	30.9923	30.9923	1	430.765	239.724	28.9167	28.9167	1
100119369	513.951	266.094	31.4138	31.4138	1	425.835	235.209	29.2712	29.2712	1
100119403	482.681	269.501	31.0958	31.0958	1	428.485	266.529	29.2563	29.2563	1
100119436	544.511	216.977	31.3173	31.3173	1	394.248	235.258	29.4369	29.4369	1
100119469	491.65	236.745	31.2093	31.2093	1	458.574	263.698	29.5222	29.5222	1
100119502	494.974	251.491	31.3599	31.3599	1	426.724	231.356	29.2686	29.2686	1
100119536	375.196	257.487	31.2776	31.2776	1	267.137	220.613	29.4931	29.4931	1
100119569	271.911	216.169	31.1539	31.1539	1	247.083	215.199	29.4357	29.4357	1
100119602	329.062	218.967	31.1957	31.1957	1	195.405	221.746	29.4007	29.4007	1
100119636	344.404	197.521	31.3101	31.3101	1	249.527	204.436	29.4007	29.4007	1
100119669	321.66	218.46	31.4567	31.4567	1	235.457	192.685	29.3541	29.3541	1
100119702	324.851	203.424	31.0854	31.0854	1	231.498	188.991	29.0399	29.0399	1
100119735	698.271	320.128	31.7834	31.7834	1	668.743	275.648	29.6294	29.6294	1
100119769	863.016	373.644	31.6349	31.6349	1	830.528	310.503	29.561	29.561	1
100119803	830.904	382.21	31.0977	31.0977	1	755.217	342.205	29.6065	29.6065	1
100119836	833.021	362.703	31.4211	31.4211	1	779.364	310.807	29.522	29.522	1
100119869	816.247	352.933	31.7246	31.7246	1	760.25	332.487	29.421	29.421	1
100119902	827.554	314.229	31.7452	31.7452	1	712.463	328.797	29.5826	29.5826	1
100119935	793.228	347.153	31.9153	31.9153	1	760.632	304.392	29.4912	29.4912	1
100119969	825.292	360.76	31.7833	31.7833	1	769.212	326.682	29.3374	29.3374	1
100120002	803.492	346.288	31.9267	31.9267	1	730.541	323.505	29.3746	29.3746	1
100120035	791.044	362.356	31.7216	31.7216	1	773.792	305.609	29.4723	29.4723	1
100120069	1156.27	453.797	31.9768	31.9768	1	1166.16	390.687	29.9662	29.9662	1
100120102	1179.57	411.348	31.8197	31.8197	1	1158.5	405.801	30.0274	30.0274	1
100120135	1167.96	422.981	31.6302	31.6302	1	1139.02	367.074	29.8151	29.8151	1
100120169	1175.69	433.987	31.5754	31.5754	1	1138.59	363.921	29.9531	29.9531	1
100120202	1147.41	456.796	31.672	31.672	1	1131.77	412.563	29.8913	29.8913	1
100120235	1179.17	429.626	31.7291	31.7291	1	1126.52	385.198	30.0331	30.0331	1
100120268	1121.93	418.269	31.6667	31.6667	1	1163.43	403.632	30.0916	30.0916	1
100120302	1122.97	404.928	31.5714	31.5714	1	1109.49	389.091	30.3917	30.3917	1
100120335	1126.64	442.867	31.6292	31.6292	1	1164.44	405.037	30.3862	30.3862	1
100120368	1093.95	484.861	31.8904	31.8904	1	1099.48	394.12	30.9369	30.9369	1
100120402	451.824	236.494	32.8012	32.8012	1	406.912	214.738	30.8513	30.8513	1
100120435	470.748	232.883	32.1587	32.1587	1	452.982	231.817	30.1973	30.1973	1
100120469	507.412	269.496	32.3243	32.3243	1	479.887	258.952	29.8933	29.8933	1
100120502	511.562	258.725	31.3693	31.3693	1	506.597	229.268	30.1006	30.1006	1
100120535	530.962	236.843	31.42	31.42	1	527.826	215.982	30.0502	30.0502	1
100120569	538.818	271.073	31.4104	31.4104	1	446.405	222.474	30.2512	30.2512	1
100120602	529.874	241.284	31.5126	31.5126	1	471.62	234.559	29.842	29.842	1
100120635	535.185	247.679	31.7742	31.7742	1	508.337	202.9	30.0808	30.0808	1
100120669	526.104	225.432	31.6088	31.6088	1	463.331	253.291	29.9535	29.9535	1
100120702	0	0	0	0	0	431.635	1044.79	23.6169	23.6169	0
100120735	0	0	0	0	0	0	0	0	0	0
100120768	0	0	0	0	0	0	0	0	0	0
100120801	254.767	692.432	29.0458	29.0458	1	336.709	474.264	28.9519	28.9519	1
100120835	321.521	163.944	32.2217	32.2217	1	279.379	103.149	30.3971	30.3971	1
100120869	333.985	149.834	32.4289	32.4289	1	295.318	111.497	30.7529	30.7529	1
100120902	355.197	155.628	32.7725	32.7725	1	290.002	102.972	30.917	30.917	1
100120935	340.707	113.406	32.7396	32.7396	1	263.778	118.084	31.0183	31.0183	1
100120968	339.873	135.034	32.8856	32.8856	1	271.496	114.185	31.284	31.284	1
100121002	319.301	156.896	32.7993	32.7993	1	303.953	99.458	31.2475	31.2475	1
100121035	355.608	131.397	32.8513	32.8513	1	290.13	124.302	31.4877	31.4877	1
100121068	315.681	144.867	32.8518	32.8518	1	310.883	127.72	31.7824	31.7824	1
100121102	329.795	139.769	33.108	33.108	1	296.069	109.688	31.9718	31.9718	1
100121135	340.381	170.584	33.3054	33.3054	1	281.46	129.292	31.8158	31.8158	1
100121168	305.339	199.617	33.2129	33.2129	1	268.88	70.1314	30.948	30.948	1
100121201	333.427	232.501	33.5305	33.5305	1	249.343	205.36	31.4501	31.4501	1
100121234	335.291	228.404	33.4881	33.4881	1	294.581	168.823	31.2746	31.2746	1
100121268	272.254	219.35	33.7194	33.7194	1	306.153	179.202	31.5489	31.5489	1
100121301	285.785	211.988	33.6155	33.6155	1	300.721	167.143	31.6656	31.6656	1
100121334	282.791	202.754	33.6312	33.6312	1	264.377	154.758	31.6246	31.6246	1
100121368	313.493	218.017	33.4864	33.4864	1	306.001	209.063	31.8437	31.8437	1
100121401	328.812	211.801	33.6136	33.6136	1	348.017	138.055	31.6602	31.6602	1
100121434	325.972	205.92	33.7302	33.7302	1	323.518	167.618	32.0188	32.0188	1
100121468	323.274	222.797	33.7555	33.7555	1	297.911	108.826	31.7903	31.7903	1
100121501	296.141	167.12	33.2572	33.2572	1	299.341	170.532	31.9166	31.9166	1
100121534	290.011	224.302	33.2609	33.2609	1	301.958	157.46	31.9322	31.9322	1
100121567	316.871	201.571	33.0927	33.0927	1	273.898	191.633	31.9785	31.9785	1
100121601	313.148	200.91	32.9109	32.9109	1	244.208	141.571	31.8355	31.8355	1
100121634	301.373	186.49	32.7121	32.7121	1	260.72	142.153	31.6919	31.6919	1
100121667	303.353	214.223	33.0822	33.0822	1	205.022	180.429	31.9964	31.9964	1
100121701	293.593	205.676	32.9411	32.9411	1	242.643	188.291	31.9445	31.9445	1
100121734	273.119	239.081	33.0791	33.0791	1	256.506	185.983	31.6933	31.6933	1
100121768	279.286	231.51	33.3204	33.3204	1	255.172	205.181	31.4309	31.4309	1
100121801	304.923	212.681	33.2034	33.2034	1	290.216	163.327	31.7095	31.7095	1
100121834	303.109	212.581	33.0251	33.0251	1	282.769	216.704	31.6823	31.6823	1
100121868	311.767	221.473	33.0302	33.0302	1	265.246	170.756	31.5562	31.5562	1
100121901	320.192	194.796	33.2129	33.2129	1	296.385	189.717	31.8261	31.8261	1
100121934	309.677	193.661	32.9608	32.9608	1	266.032	240.974	31.6587	31.6587	1
100121968	292.676	208.356	32.9701	32.9701	1	255.484	225.44	31.4948	31.4948	1
100122001	271.52	207.039	33.1562	33.1562	1	261.697	260.887	31.688	31.688	1
100122034	255.372	209.183	32.941	32.941	1	302.904	214.002	31.4001	31.4001	1
100122068	281.898	221.321	33.029	33.029	1	248.348	197.124	31.6368	31.6368	1
100122101	249.753	200.38	33.1172	33.1172	1	342.67	182.706	31.3001	31.3001	1
100122134	291.413	212.382	32.7604	32.7604	1	284.401	206.664	30.9901	30.9901	1
100122167	288.012	234.516	32.9333	32.9333	1	295.519	203.618	31.1927	31.1927	1
100122201	292.917	187.033	32.9519	32.9519	1	286.195	215.715	31.0281	31.0281	1
100122234	272.334	141.846	32.8082	32.8082	1	260.012	254.395	31.5291	31.5291	1
100122267	302.894	212.121	33.2466	33.2466	1	290.843	242.492	31.2341	31.2341	1
100122301	280.557	202.786	32.9718	32.9718	1	278.352	275.566	31.3822	31.3822	1
100122334	288.047	218.801	33.263	33.263	1	338.843	281.637	31.1879	31.1879	1
100122367	302.529	210.266	33.4022	33.4022	1	304.343	199.697	30.8185	30.8185	1
100122400	300.659	209.279	32.966	32.966	1	280.443	244.831	31.0125	31.0125	1
100122434	292.964	242.249	33.2991	33.2991	1	287.557	211.116	31.1377	31.1377	1
100122467	311.107	187.685	33.1329	33.1329	1	283.645	258.096	31.013	31.013	1
100122501	228.72	204.605	31.8902	31.8902	1	319.935	233.599	31.2865	31.2865	1
100122534	296.216	245.499	32.3365	32.3365	1	265.979	231.872	31.4523	31.4523	1
100122567	201.408	150.382	31.279	31.279	1	308.626	211.152	31.0285	31.0285	1
100122601	272.824	206.384	32.4237	32.4237	1	270.764	201.787	31.1653	31.1653	1
100122634	260.215	182.098	31.6741	31.6741	1	292.211	243.496	31.4794	31.4794	1
100122667	238.056	184.65	32.0501	32.0501	1	298.72	214.09	31.2281	31.2281	1
100122700	220.01	150.855	31.9043	31.9043	1	289.565	196.049	31.1567	31.1567	1
100122733	257.261	106.764	32.3312	32.3312	1	318.725	220.897	31.637	31.637	1
100122766	255.55	94.6253	31.9692	31.9692	1	304.056	199.511	31.3056	31.3056	1
100122800	220.027	196.795	32.3165	32.3165	1	303.385	222.909	31.4942	31.4942	1
100122833	277.172	210.883	33.4635	33.4635	1	282.739	187.092	31.4677	31.4677	1
100122866	280.828	167.241	33.6183	33.6183	1	341.161	183.161	31.5436	31.5436	1
100122900	290.014	213.894	33.6066	33.6066	1	296.496	207.949	31.9651	31.9651	1
100122933	325.842	192.13	33.8178	33.8178	1	327.87	200.143	31.7543	31.7543	1
100122966	276.852	192.643	33.6885	33.6885	1	346.087	242.849	31.7558	31.7558	1
100123000	283.912	151.588	33.5072	33.5072	1	266.908	155.465	31.9499	31.9499	1
100123033	294.984	224.243	33.5216	33.5216	1	320.378	180.591	31.5718	31.5718	1
100123066	280.252	222.181	33.8317	33.8317	1	335.564	188.748	31.8794	31.8794	1
100123100	272.23	215.455	33.7556	33.7556	1	247.314	153.477	32.0629	32.0629	1
100123133	283.365	211.837	33.7589	33.7589	1	303.315	146.382	31.75	31.75	1
100123166	296.981	213.797	34.2094	34.2094	1	302.059	188.905	31.9039	31.9039	1
100123200	300.534	191.929	33.9071	33.9071	1	280.768	211.788	32.0131	32.0131	1
100123233	302.705	213.059	34.0869	34.0869	1	306.758	277.551	32.0265	32.0265	1
100123266	300.292	164.918	33.7899	33.7899	1	279.061	267.014	31.9054	31.9054	1
100123299	309.45	194.382	34.08	34.08	1	290.52	239.915	31.7924	31.7924	1
100123333	283.557	241.567	33.678	33.678	1	310.697	159.33	32.3011	32.3011	1
100123366	273.574	176.457	33.9514	33.9514	1	307.392	174.325	32.233	32.233	1
100123399	303.112	184.417	33.9241	33.9241	1	300.59	184.915	32.2901	32.2901	1
100123433	278.978	198.44	33.8643	33.8643	1	282.343	241.461	32.1871	32.1871	1
100123466	325.817	166.097	34.0451	34.0451	1	327.274	220.722	32.1047	32.1047	1
100123499	283.735	197.077	32.9976	32.9976	1	288.134	228.792	32.3444	32.3444	1
100123533	269.307	229.692	32.4705	32.4705	1	295.947	219.088	32.3701	32.3701	1
100123566	307.958	166.689	32.7181	32.7181	1	271.899	171.875	32.2194	32.2194	1
100123600	259.7	183.352	32.4678	32.4678	1	287.621	237.782	32.5824	32.5824	1
100123633	229.875	199.729	32.4018	32.4018	1	324.081	212.368	32.1711	32.1711	1
100123666	289.817	213.361	32.5821	32.5821	1	330.646	239.965	32.3039	32.3039	1
100123700	486.44	279.175	32.3008	32.3008	1	511.973	254.65	32.1303	32.1303	1
100123733	478.44	253.835	32.3129	32.3129	1	484.957	253.63	31.7546	31.7546	1
100123766	462.233	326	31.8537	31.8537	1	516.881	290.601	31.5039	31.5039	1
100123800	418.418	54.0621	30.4819	30.4819	1	459.088	262.101	31.2621	31.2621	1
100123833	450.798	299.808	32.997	32.997	1	404.571	276.608	32.1377	32.1377	1
100123866	466.337	251.122	32.644	32.644	1	422.603	287.022	31.9587	31.9587	1
100123899	457.048	285.192	32.8493	32.8493	1	367.271	299.727	31.6223	31.6223	1
100123932	463.669	325.703	32.5135	32.5135	1	416.573	249.949	31.5058	31.5058	1
100123966	419.85	326.944	32.5671	32.5671	1	401.021	276.882	31.5151	31.5151	1
100123999	474.327	300.267	32.3298	32.3298	1	390.905	286.939	31.2377	31.2377	1
100124033	430.084	309.493	32.6069	32.6069	1	362.103	258.604	31.2104	31.2104	1
100124066	483.631	308.915	32.3625	32.3625	1	410.275	224.862	31.2136	31.2136	1
100124099	446.899	302.762	32.2069	32.2069	1	373.394	265.149	31.3385	31.3385	1
100124133	418.074	290.473	32.2609	32.2609	1	401.179	272.909	31.2833	31.2833	1
100124166	451.347	305.427	32.6848	32.6848	1	395.727	245.359	31.2309	31.2309	1
100124199	494.299	299.269	32.3288	32.3288	1	388.608	229.452	31.6034	31.6034	1
100124232	488.057	323.966	33.0138	33.0138	1	370.67	281.685	31.6413	31.6413	1
100124266	441.188	270.332	32.8055	32.8055	1	413.706	274.548	31.803	31.803	1
100124299	455.112	322.771	32.6423	32.6423	1	392.007	268.124	31.7748	31.7748	1
100124332	443.126	266.776	32.8415	32.8415	1	430.456	256.893	32.1599	32.1599	1
100124366	460.278	309.929	32.6209	32.6209	1	414.488	249.849	31.9263	31.9263	1
100124398	442.378	258.58	32.6727	32.6727	1	374.228	275.679	32.2283	32.2283	1
100124432	464.515	265.909	33.1848	33.1848	1	387.123	273.83	32.4046	32.4046	1
100124465	443.093	265.439	32.9304	32.9304	1	395.469	235.57	32.3223	32.3223	1
100124498	443.654	282.049	32.6311	32.6311	1	428.814	239.135	32.3411	32.3411	1
100124532	458.496	261.366	32.9848	32.9848	1	440.101	249.011	32.1891	32.1891	1
100124566	473.462	241.837	33.2687	33.2687	1	442.235	250.938	32.5962	32.5962	1
100124599	457.799	244.643	33.1997	33.1997	1	420.005	226.996	32.4378	32.4378	1
100124632	462.49	247.639	33.0968	33.0968	1	412.154	231.397	32.3557	32.3557	1
100124665	491.752	254.838	33.2579	33.2579	1	433.422	221.605	32.4253	32.4253	1
100124699	457.455	271.626	32.9082	32.9082	1	446.271	272.944	32.4238	32.4238	1
100124731	457.983	328.066	32.885	32.885	1	438.363	259.406	32.2886	32.2886	1
100124765	453.152	281.488	33.2104	33.2104	1	432.413	223.323	32.6007	32.6007	1
100124799	466.089	273.202	33.1183	33.1183	1	432.133	267.468	32.6178	32.6178	1
100124832	463.714	243.087	33.2307	33.2307	1	441.152	271.922	32.3003	32.3003	1
100124865	469.883	257.888	33.3056	33.3056	1	417.09	241.532	31.8738	31.8738	1
100124899	468.952	257.008	33.5155	33.5155	1	449.631	204.445	31.6557	31.6557	1
100124932	492.121	211.817	33.4542	33.4542	1	480.308	253.592	31.753	31.753	1
100124965	478.986	242.646	33.786	33.786	1	452.725	251.164	32.0496	32.0496	1
100124998	468.619	222.688	33.3126	33.3126	1	432.903	241.749	32.0211	32.0211	1
100125031	493.602	217.933	33.3166	33.3166	1	450.55	251.624	32.07	32.07	1
100125064	482.984	249.403	33.5123	33.5123	1	416.419	257.609	32.0557	32.0557	1
100125098	485.296	206.193	33.5803	33.5803	1	472.472	276.787	31.9672	31.9672	1
100125132	465.722	264.057	33.4543	33.4543	1	415.124	282.858	32.0902	32.0902	1
100125165	471.824	254.29	33.6416	33.6416	1	423.149	229.376	32.4282	32.4282	1
100125198	487.975	260.173	33.7063	33.7063	1	448.691	280.992	32.1663	32.1663	1
100125232	464.538	249.244	33.8604	33.8604	1	452.169	265.72	32.2346	32.2346	1
100125265	486.346	266.11	33.5226	33.5226	1	443.455	236.179	32.1422	32.1422	1
100125298	457.453	277.088	33.7752	33.7752	1	439.507	271.479	32.3339	32.3339	1
100125332	484.993	265.068	34.0236	34.0236	1	447.135	240.778	32.3518	32.3518	1
100125364	483.613	264.888	33.8286	33.8286	1	443.02	237.321	32.2326	32.2326	1
100125398	485.774	228.708	33.7135	33.7135	1	458.645	234.78	32.1916	32.1916	1
100125432	484.327	247.3	33.6271	33.6271	1	428.181	271.802	32.2675	32.2675	1
100125465	455.051	220.396	33.8304	33.8304	1	487.887	269.769	32.5781	32.5781	1
100125498	488.096	228.779	34.001	34.001	1	440.124	264.886	32.1256	32.1256	1
100125531	464.52	233.262	34.2369	34.2369	1	428.299	248.28	32.4085	32.4085	1
100125565	462.413	216.587	34.0178	34.0178	1	410.159	226.956	32.9161	32.9161	1
100125598	468.678	264.207	33.803	33.803	1	471.996	280.644	32.1395	32.1395	1
100125631	490.012	248.719	34.0945	34.0945	1	474.108	255.104	32.1867	32.1867	1
100125665	450.509	309.766	34.2434	34.2434	1	447.701	241.408	32.6107	32.6107	1
100125698	472.461	291.584	33.9545	33.9545	1	454.819	272.866	32.5088	32.5088	1
100125731	477.861	270.426	34.0067	34.0067	1	444.64	263.665	32.3195	32.3195	1
100125765	459.603	247.396	34.1418	34.1418	1	459.354	249.136	32.4319	32.4319	1
100125798	505.259	463.01	34.4719	34.4719	1	483.504	426.596	32.3752	32.3752	1
100125831	507.17	476.15	34.6599	34.6599	1	460.628	486.334	32.4491	32.4491	1
100125865	476.625	488.887	34.6057	34.6057	1	459.99	491.807	32.5466	32.5466	1
100125898	536.763	577.235	33.9904	33.9904	1	513.362	556.753	32.8331	32.8331	1
100125931	537.137	574.13	33.92	33.92	1	485.472	571.464	32.9779	32.9779	1
100125964	545.555	602.954	34.4498	34.4498	1	471.204	606.636	32.6871	32.6871	1
100125998	505.81	537.903	34.3623	34.3623	1	535.807	536.272	32.5369	32.5369	1
100126031	572.261	643.055	34.4279	34.4279	1	571.266	661.774	32.5795	32.5795	1
100126064	551.55	677.973	34.2788	34.2788	1	599.991	685.415	32.5702	32.5702	1
100126098	579.017	663.103	34.4241	34.4241	1	597.209	669.629	32.2376	32.2376	1
100126131	574.204	668.409	34.2254	34.2254	1	589.776	671.388	32.3233	32.3233	1
100126164	546.073	645.528	35.4924	35.4924	1	578.378	692.392	33.0833	33.0833	1
100126197	586.834	663.808	35.5192	35.5192	1	562.292	684.046	33.0599	33.0599	1
100126230	581.104	669.992	35.3482	35.3482	1	607.619	691.363	32.8961	32.8961	1
100126264	554.324	667.66	35.0979	35.0979	1	597.066	650.552	33.038	33.038	1
100126297	555.442	650.576	35.088	35.088	1	586.345	700.438	32.6271	32.6271	1
100126330	572.326	663.426	35.0547	35.0547	1	590.105	666.122	32.8062	32.8062	1
100126364	561.095	680.622	35.1228	35.1228	1	553.415	665.847	32.8985	32.8985	1
100126397	592.76	637.83	35.0235	35.0235	1	570.086	660.249	32.7163	32.7163	1
100126431	552.372	673.222	34.7765	34.7765	1	541.079	659.109	32.6514	32.6514	1
100126464	575.505	676.491	35.1382	35.1382	1	541.632	685.928	32.5436	32.5436	1
100126497	542.441	690.011	34.9563	34.9563	1	592.762	695.618	32.5644	32.5644	1
100126530	550.238	690.39	35.0632	35.0632	1	599.527	694.783	32.7095	32.7095	1
100126563	562.336	680.582	35.2008	35.2008	1	586.547	704.135	32.5467	32.5467	1
100126597	593.361	666.032	34.8999	34.8999	1	576.39	687.156	32.4034	32.4034	1
100126630	656.823	660.497	35.0431	35.0431	1	641.473	686.638	32.5113	32.5113	1
100126663	619.312	667.948	35.4064	35.4064	1	659.08	661.865	32.4291	32.4291	1
100126697	623.197	644.934	35.1486	35.1486	1	634.768	694.287	32.5697	32.5697	1
100126730	656.061	689.769	35.1015	35.1015	1	651.674	691.505	32.4209	32.4209	1
100126763	614.318	665.586	35.0537	35.0537	1	638.205	677.328	32.4853	32.4853	1
100126797	640.798	665.286	34.9684	34.9684	1	635.15	679.719	32.3868	32.3868	1
100126830	595.143	658.188	34.047	34.047	1	650.776	620.717	33.2559	33.2559	1
100126863	588.869	664.575	33.8379	33.8379	1	623.762	676.193	33.1614	33.1614	1
100126896	585.493	682.855	33.906	33.906	1	654.96	617.48	33.1565	33.1565	1
100126930	571.829	661.294	34.146	34.146	1	626.502	660.583	33.0049	33.0049	1
100126963	597.022	628.844	34.0708	34.0708	1	612.542	690.851	33.4267	33.4267	1
100126996	596.504	660.373	34.0481	34.0481	1	614.417	651.43	33.2161	33.2161	1
100127030	604.4	712.486	34.0576	34.0576	1	605.155	659.998	33.3266	33.3266	1
100127063	581.09	713.382	34.166	34.166	1	625.251	665.438	33.4589	33.4589	1
100127096	611.312	726.326	34.0385	34.0385	1	615.981	684.203	33.696	33.696	1
100127130	568.458	666.689	33.8959	33.8959	1	604.708	629.198	33.2046	33.2046	1
100127163	562.953	679.624	34.1999	34.1999	1	609.984	619.086	32.8963	32.8963	1
100127196	571.652	642.777	34.1017	34.1017	1	608.483	624.438	32.9334	32.9334	1
100127230	585.728	677.347	34.5797	34.5797	1	602.526	653.189	33.2097	33.2097	1
100127263	561.061	660.518	33.9464	33.9464	1	616.784	672.203	33.1888	33.1888	1
100127296	578.969	645.304	34.2235	34.2235	1	629.895	647.348	33.2761	33.2761	1
100127330	560.565	692.151	34.2088	34.2088	1	626.419	631.703	33.5978	33.5978	1
100127363	587.597	663.898	34.1742	34.1742	1	633.785	610.75	33.739	33.739	1
100127396	619.703	681.378	34.5572	34.5572	1	636.069	655.131	34.0222	34.0222	1
100127429	568.132	604.96	34.6292	34.6292	1	665.896	672.765	33.8441	33.8441	1
100127463	554.944	646.315	34.4299	34.4299	1	639.847	653.494	34.3323	34.3323	1
100127496	562.222	630.364	34.3749	34.3749	1	658.263	623.017	32.9225	32.9225	1
100127529	559.098	635.227	34.6598	34.6598	1	673.105	611.663	33.3142	33.3142	1
100127563	556.223	668.418	34.7959	34.7959	1	651.791	657.618	33.379	33.379	1
100127596	584.037	688.453	35.2767	35.2767	1	673.544	650.87	33.4562	33.4562	1
100127630	548.085	699.126	34.8134	34.8134	1	656.72	631.422	33.4118	33.4118	1
100127663	557.976	636.366	34.9154	34.9154	1	667.624	638.169	33.8922	33.8922	1
100127696	603.581	651.347	34.8161	34.8161	1	672.263	641.541	33.2659	33.2659	1
100127730	593.49	628.983	34.755	34.755	1	687.443	640.921	33.3997	33.3997	1
100127763	566.592	597.644	34.9515	34.9515	1	621.607	680.625	33.6523	33.6523	1
100127796	531.49	659.581	34.8979	34.8979	1	659.475	634.278	33.3088	33.3088	1
100127830	601.974	656.321	34.8875	34.8875	1	657.58	662.331	33.7561	33.7561	1
100127862	571.151	658.99	34.9288	34.9288	1	654.405	649.058	33.5356	33.5356	1
100127896	563.957	634.995	34.9801	34.9801	1	681.744	650.082	33.5687	33.5687	1
100127930	542.144	669.397	35.1504	35.1504	1	664.886	678.143	33.702	33.702	1
100127963	566.902	668.067	35.2117	35.2117	1	647.352	652.676	33.6806	33.6806	1
100127996	557.981	665.937	34.5334	34.5334	1	672.035	697.447	33.7644	33.7644	1
100128029	575.886	642.234	35.035	35.035	1	666.444	648.611	33.7039	33.7039	1
100128063	565.601	647.432	34.7499	34.7499	1	640.136	650.936	33.6079	33.6079	1
100128096	615.931	695.076	35.2611	35.2611	1	637.353	643.012	33.6613	33.6613	1
100128129	594.642	659.149	34.8665	34.8665	1	642.466	650.052	33.1841	33.1841	1
100128163	592.522	646.257	35.3992	35.3992	1	664.589	675.848	33.2869	33.2869	1
100128196	579.141	673.683	34.9771	34.9771	1	644.976	677.004	33.6922	33.6922	1
100128229	564.754	660.328	35.1121	35.1121	1	648.899	683.7	33.4717	33.4717	1
100128263	538.24	666.075	34.8743	34.8743	1	647.468	636.41	33.588	33.588	1
100128296	548.642	654.099	34.7405	34.7405	1	584.306	657.412	33.5154	33.5154	1
100128329	566.703	609.547	34.743	34.743	1	680.665	702.702	33.3044	33.3044	1
100128363	548.304	627.018	35.112	35.112	1	649.87	658.88	33.5917	33.5917	1
100128396	594.164	626.287	34.7655	34.7655	1	675.579	678.766	33.5397	33.5397	1
100128429	588.994	642.794	34.8629	34.8629	1	656.515	688.038	33.4522	33.4522	1
100128462	545.553	650.029	34.6315	34.6315	1	655.093	684.234	33.309	33.309	1
100128495	560.094	648.144	34.9069	34.9069	1	633.483	709.195	33.3808	33.3808	1
100128529	572.606	624.018	34.7697	34.7697	1	651.201	717.653	33.1409	33.1409	1
100128562	574.51	674.354	35.2296	35.2296	1	641.264	707.026	33.8128	33.8128	1
100128596	801.941	589.03	34.6205	34.6205	1	878.625	580.766	33.4937	33.4937	1
100128629	885.131	506.976	34.6118	34.6118	1	1045.3	526.479	33.7613	33.7613	1
100128662	878.07	476.901	34.6619	34.6619	1	945.743	554.408	33.5117	33.5117	1
100128695	881.713	523.695	34.5773	34.5773	1	970.773	543.842	33.6833	33.6833	1
100128728	850.907	523.094	34.879	34.879	1	963.272	586.657	33.319	33.319	1
100128762	901.82	521.917	34.4988	34.4988	1	967.613	558.265	33.474	33.474	1
100128796	839.862	553.335	34.3428	34.3428	1	975.899	577.25	33.2452	33.2452	1
100128829	886.681	513.873	34.5828	34.5828	1	961.353	589.078	33.3336	33.3336	1
100128862	890.549	543.965	34.4594	34.4594	1	980.935	570.62	33.3075	33.3075	1
100128895	1081.03	305.562	34.163	34.163	1	1153.3	351.168	32.9996	32.9996	1
100128929	1081.98	201.508	33.1958	33.1958	1	1167.72	276.538	32.8021	32.8021	1
100128962	1022.3	285.389	33.5651	33.5651	1	1161.5	306.65	32.7047	32.7047	1
100128995	1030.23	258.914	33.6289	33.6289	1	1168.25	284.673	32.342	32.342	1
100129029	1047.87	295.201	33.209	33.209	1	1161.64	357.648	31.9262	31.9262	1
100129062	1077.64	283.156	33.5998	33.5998	1	1168.32	346.034	31.5322	31.5322	1
100129095	1084.74	302.829	32.9161	32.9161	1	1197.4	349.575	31.6355	31.6355	1
100129129	1025.71	374.899	32.6231	32.6231	1	1199.15	318.433	31.7097	31.7097	1
100129162	1080.51	281.083	32.3214	32.3214	1	1205.63	305.934	31.1467	31.1467	1
100129195	1061.55	338.958	32.2947	32.2947	1	1203.14	306.87	31.027	31.027	1
100129229	714.661	218.398	32.8881	32.8881	1	761.696	332.22	30.6152	30.6152	1
100129262	706.936	287.227	31.8802	31.8802	1	775.671	362.474	30.1996	30.1996	1
100129295	777.096	231.035	31.7583	31.7583	1	833.378	312.649	29.9811	29.9811	1
100129328	724.059	267.392	32.0251	32.0251	1	808.586	292.582	29.4884	29.4884	1
100129361	774.218	258.391	31.6428	31.6428	1	830.92	296.929	29.5523	29.5523	1
100129395	749.475	275.676	31.4455	31.4455	1	813.613	265.723	29.4386	29.4386	1
100129428	761.779	236.55	31.3211	31.3211	1	784.979	269.155	29.2687	29.2687	1
100129461	792.349	317.624	30.9615	30.9615	1	794.572	258.939	28.7976	28.7976	1
100129494	809.629	237.212	32.8382	32.8382	1	804.476	285.167	30.0843	30.0843	1
100129528	784.02	256.952	32.5623	32.5623	1	791.095	330.794	30.0632	30.0632	1
100129561	804.296	280.052	32.739	32.739	1	813.448	308.528	30.2281	30.2281	1
100129594	772.857	268.645	32.9655	32.9655	1	751.138	282.417	30.0815	30.0815	1
100129627	742.126	251.055	33.1381	33.1381	1	698.518	279.711	30.3144	30.3144	1
100129661	755.184	288.86	33.0516	33.0516	1	741.375	299.056	30.71	30.71	1
100129695	758.496	294.234	32.9959	32.9959	1	731.797	286.432	30.4277	30.4277	1
100129728	751.856	248.167	33.1067	33.1067	1	716.021	282.227	30.5577	30.5577	1
100129761	756.195	299.099	33.3096	33.3096	1	743.692	273.579	31.0325	31.0325	1
100129795	740.758	291.999	33.5382	33.5382	1	744.871	280.904	30.9603	30.9603	1
100129828	705.36	303.413	32.6395	32.6395	1	738.597	292.645	30.8548	30.8548	1
100129861	709.875	229.066	32.7351	32.7351	1	722.784	300.458	31.2227	31.2227	1
100129895	730.955	292.938	32.9957	32.9957	1	733.387	314.525	31.1853	31.1853	1
100129928	778.619	232.173	33.1279	33.1279	1	743.607	256.038	31.3427	31.3427	1
100129961	738.098	290.613	33.2262	33.2262	1	762.86	290.176	31.584	31.584	1
100129995	730.982	278.816	32.8091	32.8091	1	727.359	311.254	31.3953	31.3953	1
100130028	736.194	239.142	33.3876	33.3876	1	802.322	294.14	31.7339	31.7339	1
100130061	705.38	298.577	33.2668	33.2668	1	748.294	268.944	32.0034	32.0034	1
100130095	659.032	264.403	33.2812	33.2812	1	764.935	292.633	31.6986	31.6986	1
100130128	704.472	288.707	33.3341	33.3341	1	760.348	319.132	31.8811	31.8811	1
100130161	712.122	234.413	33.0287	33.0287	1	749.162	278.197	31.4772	31.4772	1
100130194	729.01	209.741	33.3802	33.3802	1	752.402	330.336	30.9618	30.9618	1
100130228	688.152	246.564	33.8063	33.8063	1	771.667	270.271	31.4345	31.4345	1
100130261	693.945	252.758	33.6535	33.6535	1	749.395	292.237	31.5616	31.5616	1
100130294	696.876	255.859	33.751	33.751	1	766.362	269.833	31.6348	31.6348	1
100130328	692.157	246.625	33.891	33.891	1	742.679	293.689	31.8331	31.8331	1
100130361	719.7	315.04	33.9738	33.9738	1	773.891	255.005	31.7957	31.7957	1
100130394	689.218	245.51	33.8551	33.8551	1	766.553	309.754	32.3068	32.3068	1
100130428	708.105	218.785	34.1535	34.1535	1	766.323	309.064	32.0268	32.0268	1
100130461	714.956	219.423	33.9466	33.9466	1	759.612	282.289	32.0362	32.0362	1
100130494	678.997	227.094	34.1232	34.1232	1	762.567	265.883	32.4378	32.4378	1
100130527	719.377	271.607	34.3606	34.3606	1	744.779	300.019	32.5502	32.5502	1
100130560	738.89	208.041	34.0737	34.0737	1	762.447	315.16	32.6722	32.6722	1
100130594	719.424	224.457	34.2982	34.2982	1	731.249	288.759	32.7919	32.7919	1
100130627	711.04	237.941	34.3996	34.3996	1	730.016	288.48	33.0664	33.0664	1
100130660	706.171	262.061	34.5062	34.5062	1	747.56	279.025	32.8013	32.8013	1
100130694	692.254	312.729	34.2438	34.2438	1	764.016	297.226	33.2392	33.2392	1
100130727	687.765	259.779	34.9064	34.9064	1	753.297	246.331	33.0996	33.0996	1
100130760	650.021	328.45	34.583	34.583	1	811.285	229.92	33.2982	33.2982	1
100130793	678.482	269.688	34.867	34.867	1	750.17	258.687	33.1889	33.1889	1
100130827	751.392	288.211	34.7886	34.7886	1	766.141	282.648	33.3245	33.3245	1
100130860	689.729	231.814	34.6153	34.6153	1	765.335	266.728	33.695	33.695	1
100130893	669.895	272.974	34.6957	34.6957	1	775.356	271.281	33.7861	33.7861	1
100130927	668.301	256.474	34.7549	34.7549	1	777.855	268.22	33.6855	33.6855	1
100130960	662.138	257.312	34.7424	34.7424	1	782.009	274.102	33.9192	33.9192	1
100130993	725.932	280.154	34.7028	34.7028	1	785.665	280.38	33.5197	33.5197	1
100131027	668.26	215.318	34.7064	34.7064	1	785.269	314.529	33.8923	33.8923	1
100131060	691.883	263.987	35.0051	35.0051	1	778.964	274.91	34.1022	34.1022	1
100131093	697.514	266.536	35.2025	35.2025	1	740.247	296.18	33.9748	33.9748	1
100131127	674.409	201.443	35.0805	35.0805	1	732.38	278.267	33.9084	33.9084	1
100131160	678.681	262.122	34.9089	34.9089	1	763.157	299.838	33.2477	33.2477	1
100131193	669.815	301.059	34.814	34.814	1	813.781	272.75	33.0984	33.0984	1
100131226	690.812	189.303	35.0427	35.0427	1	811.74	273.696	32.8234	32.8234	1
100131260	705.322	263.305	35.2325	35.2325	1	801.563	271.192	33.1046	33.1046	1
100131293	676.787	233.904	34.7867	34.7867	1	811.277	201.951	32.7608	32.7608	1
100131326	722.291	198.171	35.625	35.625	1	762.496	288.794	33.4914	33.4914	1
100131360	683.134	242.945	35.4801	35.4801	1	761.716	230.581	32.9123	32.9123	1
100131393	668.823	241.072	35.0505	35.0505	1	758.633	241.874	33.1107	33.1107	1
100131426	664.443	225.893	34.9963	34.9963	1	773.254	293.822	32.8861	32.8861	1
100131460	694.5	282.808	35.0898	35.0898	1	779.758	308.61	33.0657	33.0657	1
100131493	708.324	222.992	34.8459	34.8459	1	784.968	274.565	33.1013	33.1013	1
100131526	666.061	221.387	35.2546	35.2546	1	800.582	256.943	32.9121	32.9121	1
100131559	658.214	281.369	34.7981	34.7981	1	749.828	291.322	33.2139	33.2139	1
100131593	669.965	239.036	34.7505	34.7505	1	762.164	277.408	32.9923	32.9923	1
100131626	690.777	193.7	35.4657	35.4657	1	792.591	290.031	33.0297	33.0297	1
100131659	690.269	269.597	35.1852	35.1852	1	759.611	301.661	33.3241	33.3241	1
100131693	692.858	251.119	35.4191	35.4191	1	762.925	272.304	33.5423	33.5423	1
100131726	667.575	222.64	35.5459	35.5459	1	743.468	250.989	33.3244	33.3244	1
100131759	705.655	212.659	35.3856	35.3856	1	817.043	265.949	32.8035	32.8035	1
100131793	668.897	202.894	34.8204	34.8204	1	786.341	265.513	33.0074	33.0074	1
100131826	673.703	272.338	34.8606	34.8606	1	788.132	278.774	32.7906	32.7906	1
100131859	675.819	278.432	35.444	35.444	1	786.982	305.628	32.8829	32.8829	1
100131893	694.679	212.59	35.2169	35.2169	1	805.235	308.356	33.0416	33.0416	1
100131926	665.604	215.27	35.0364	35.0364	1	782.039	281.502	33.0502	33.0502	1
100131959	662.758	235.628	35.1685	35.1685	1	761.621	222.387	32.8981	32.8981	1
100131992	684.059	193.976	35.5105	35.5105	1	767.339	237.373	33.1393	33.1393	1
100132026	686.928	213.067	34.9477	34.9477	1	752.688	301.115	32.7755	32.7755	1
100132060	717.365	205.953	35.1086	35.1086	1	764.35	325.837	32.8058	32.8058	1
100132093	666.779	230.143	35.4175	35.4175	1	705.852	284.477	32.9562	32.9562	1
100132126	730.745	293.941	35.4722	35.4722	1	752.237	324.559	32.8876	32.8876	1
100132160	696.641	224.336	35.3668	35.3668	1	787.426	294.11	33.243	33.243	1
100132193	685.726	188.05	35.447	35.447	1	766.76	326.49	33.0057	33.0057	1
100132226	699.432	221.113	35.1966	35.1966	1	753.617	307.15	32.6735	32.6735	1
100132259	668.623	279.958	35.0463	35.0463	1	750.665	287.916	32.8121	32.8121	1
100132293	708.176	187.826	35.1995	35.1995	1	776.63	291.411	32.9917	32.9917	1
100132326	666.987	215.518	35.1715	35.1715	1	781.865	296.422	32.6873	32.6873	1
100132359	682.806	185.474	35.2289	35.2289	1	773.152	261.029	32.85	32.85	1
100132393	675.62	243.861	35.0287	35.0287	1	781.201	307.171	32.7146	32.7146	1
100132426	687.466	241.226	35.0045	35.0045	1	785.529	273.573	32.6521	32.6521	1
100132459	660.776	239.736	34.8308	34.8308	1	767.133	314.591	32.6997	32.6997	1
100132493	682.899	241.215	35.2123	35.2123	1	730.89	350.244	33.4909	33.4909	1
100132526	699.161	229.443	35.5337	35.5337	1	779.96	305.141	32.4599	32.4599	1
100132559	715.969	250.827	35.6327	35.6327	1	768.38	300.413	33.1871	33.1871	1
100132592	701.958	199.05	35.4827	35.4827	1	749.394	335.459	32.7422	32.7422	1
100132625	671.817	233.505	35.1308	35.1308	1	801.035	300.667	32.7677	32.7677	1
100132659	669.924	239.909	35.1174	35.1174	1	746.052	296.687	32.7862	32.7862	1
100132692	716.17	243.042	34.9966	34.9966	1	783.336	248.803	33.1837	33.1837	1
100132725	701.11	211.163	35.5465	35.5465	1	774.076	263.209	32.8672	32.8672	1
100132759	687.146	203.035	35.1457	35.1457	1	781.651	272.028	32.7377	32.7377	1
100132792	667.161	220.433	34.7915	34.7915	1	794.284	281.505	32.7776	32.7776	1
100132825	677.416	230.563	35.0525	35.0525	1	781.918	318.442	32.7083	32.7083	1
100132858	564.646	299.275	35.977	35.977	1	690.734	368.131	32.9075	32.9075	1
100132892	439.458	722.972	35.7046	35.7046	1	570.146	718.83	32.1642	32.1642	1
100132925	476.065	674.156	35.4646	35.4646	1	568.815	710.456	32.9856	32.9856	1
100132958	458.043	670.393	35.8754	35.8754	1	587.466	686.856	32.6445	32.6445	1
100132992	485.468	622.024	35.8205	35.8205	1	536.207	723.596	32.8135	32.8135	1
100133025	468.786	638.452	35.788	35.788	1	601.441	645.748	32.1131	32.1131	1
100133058	502.527	665.71	35.7561	35.7561	1	597.89	721.597	32.5894	32.5894	1
100133092	444.21	664.196	35.7499	35.7499	1	634.609	624.438	31.7719	31.7719	1
100133125	444.081	600.801	36.0996	36.0996	1	576.405	651.464	32.3077	32.3077	1
100133158	489.944	667.749	35.5042	35.5042	1	559.391	691.153	34.5218	34.5218	1
100133192	500.438	627.07	35.7059	35.7059	1	597.502	681.125	34.3736	34.3736	1
100133225	522.05	614.789	35.9947	35.9947	1	644.588	669.217	34.2283	34.2283	1
100133258	515.36	653.816	35.1591	35.1591	1	655.032	681.932	34.3761	34.3761	1
100133291	544.076	652.49	35.1712	35.1712	1	634.681	653.441	33.6892	33.6892	1
100133325	510.617	664.521	35.4436	35.4436	1	634.104	683.394	34.1788	34.1788	1
100133358	541.116	670.941	35.2686	35.2686	1	605.353	703.825	33.8526	33.8526	1
100133391	507.628	639.02	35.2089	35.2089	1	641.941	654.703	33.9745	33.9745	1
100133425	548.395	659.986	35.4605	35.4605	1	618.529	625.926	33.8542	33.8542	1
100133458	529.807	633.407	35.3106	35.3106	1	623.186	678.731	33.8024	33.8024	1
100133492	524.69	642.141	35.1404	35.1404	1	619.895	637.458	32.6062	32.6062	1
100133525	542.322	621.839	35.492	35.492	1	656.331	657.145	32.5731	32.5731	1
100133558	507.001	624.677	35.4052	35.4052	1	638.168	665.881	32.7719	32.7719	1
100133592	509.863	669.568	35.4598	35.4598	1	636.303	699.508	32.9171	32.9171	1
100133625	502.121	619.923	35.5458	35.5458	1	641.301	705.517	32.5184	32.5184	1
100133658	492.991	664.886	35.2982	35.2982	1	631.656	647.953	32.4721	32.4721	1
100133691	470.165	621.834	35.0337	35.0337	1	601.046	633.184	32.7654	32.7654	1
100133724	509.119	625.504	35.4392	35.4392	1	591.524	693.917	32.9587	32.9587	1
100133758	530.45	613.59	35.6827	35.6827	1	645.535	686.577	32.9214	32.9214	1
100133791	528.99	581.479	35.1834	35.1834	1	607.546	665.969	32.8083	32.8083	1
100133825	517.246	625.635	35.1538	35.1538	1	648.324	660.474	33.4662	33.4662	1
100133858	519.724	660.674	35.1275	35.1275	1	626.357	684.799	33.5874	33.5874	1
100133891	531.683	650.692	34.9109	34.9109	1	639.016	645.938	33.5004	33.5004	1
100133925	500.204	705.016	35.2611	35.2611	1	607.041	644.079	33.7763	33.7763	1
100133958	530.252	688.257	35.17	35.17	1	627.559	694.779	33.5614	33.5614	1
100133991	512.831	694.937	35.5936	35.5936	1	610.271	664.739	33.3641	33.3641	1
100134025	551.178	693.027	35.4307	35.4307	1	638.293	668.426	33.5425	33.5425	1
100134058	528.975	672.846	34.8473	34.8473	1	633.77	662.64	33.4354	33.4354	1
100134091	526.139	629.073	35.5807	35.5807	1	592.959	651.097	33.277	33.277	1
100134124	546.285	614.493	35.6817	35.6817	1	642.829	680.857	33.6817	33.6817	1
100134157	540.674	662.387	35.435	35.435	1	577.841	670.114	33.7589	33.7589	1
100134191	513.31	654.111	35.5643	35.5643	1	600.17	685.575	33.4491	33.4491	1
100134224	495.239	667.437	35.2745	35.2745	1	639.762	662.261	33.3915	33.3915	1
100134258	521.175	699.459	35.1895	35.1895	1	590.418	637.768	33.7236	33.7236	1
100134291	498.245	684.687	35.0226	35.0226	1	612.781	614.871	33.478	33.478	1
100134324	528.578	689.182	35.1422	35.1422	1	602.062	633.566	33.5647	33.5647	1
100134358	555.36	661.593	35.41	35.41	1	589.181	631.174	33.504	33.504	1
100134391	537.904	658.551	35.6879	35.6879	1	589.878	671.006	33.4826	33.4826	1
100134424	529.806	673.099	35.5881	35.5881	1	590.65	689.516	33.7104	33.7104	1
100134458	507.62	594.956	35.4516	35.4516	1	552.927	675.786	34.3112	34.3112	1
100134491	514.196	634.032	35.6197	35.6197	1	564.076	626.262	33.1247	33.1247	1
100134524	505.509	669.607	35.2588	35.2588	1	589.033	634.252	33.3636	33.3636	1
100134558	519.657	621.658	35.5106	35.5106	1	569.161	703.557	33.5083	33.5083	1
100134591	548.534	649.807	35.2387	35.2387	1	587.704	656.084	33.7001	33.7001	1
100134624	522.697	640.119	35.6019	35.6019	1	590.841	684.118	33.3754	33.3754	1
100134657	529.883	611.904	35.4326	35.4326	1	614.616	699.246	33.595	33.595	1
100134691	534.694	592.081	35.7205	35.7205	1	621.989	642.212	33.5013	33.5013	1
100134723	520.217	687.066	35.7855	35.7855	1	581.428	701.474	33.9666	33.9666	1
100134758	501.942	677.329	35.1974	35.1974	1	603.444	660.783	34.325	34.325	1
100134791	476.283	636.989	35.4168	35.4168	1	591.07	676.888	33.5615	33.5615	1
100134824	524.391	628.488	35.3378	35.3378	1	624.008	685.259	33.7458	33.7458	1
100134857	542.283	618.466	35.6864	35.6864	1	586.998	681.269	33.5764	33.5764	1
100134891	535.64	612.337	35.9068	35.9068	1	578.716	669.8	34.3433	34.3433	1
100134924	511.337	607.515	35.6806	35.6806	1	600.2	648.711	34.1016	34.1016	1
100134957	491.848	660.772	35.3601	35.3601	1	604.085	665.465	34.0125	34.0125	1
100134990	504.15	653.225	35.0648	35.0648	1	601.528	651.727	34.34	34.34	1
100135023	515.824	615.381	35.4559	35.4559	1	571.576	602.192	34.0497	34.0497	1
100135057	532.224	655.507	35.8208	35.8208	1	574.317	648.92	33.8134	33.8134	1
100135090	476.944	696.462	35.3363	35.3363	1	590.473	686.082	33.7097	33.7097	1
100135123	0	0	0	0	0	0	0	16.5952	16.5952	0
100135157	0	0	0	0	0	0	0	0	0	0
100135190	0	0	0	0	0	0	0	0	0	0
100135224	488.696	1573.34	27.1036	27.1036	0	0	0	31.5748	31.5748	0
100135257	636.205	1033.49	34.8252	34.8252	1	852.771	951.678	33.5155	33.5155	1
100135290	659.8	903.724	36.0749	36.0749	1	788.536	939.114	34.1726	34.1726	1
100135323	616.693	893.298	35.3998	35.3998	1	752.956	942.674	33.6897	33.6897	1
100135356	641.025	943.037	35.5408	35.5408	1	816	946.132	33.7102	33.7102	1
100135390	650.08	958.744	35.7011	35.7011	1	783.796	911.536	33.6543	33.6543	1
100135424	619.307	855.161	35.0876	35.0876	1	812.947	967.975	33.8702	33.8702	1
100135457	604.864	905.518	34.5675	34.5675	1	837.364	994.323	33.5275	33.5275	1
100135490	667.513	943.472	36.8034	36.8034	1	835.884	958.324	33.2447	33.2447	1
100135523	655.803	917.479	36.5118	36.5118	1	803.922	934.078	33.2096	33.2096	1
100135557	639.529	821.685	35.515	35.515	1	722.155	835.584	32.9929	32.9929	1
100135590	558.052	340.058	35.457	35.457	1	580.973	367.76	32.0439	32.0439	1
100135623	586.355	392.554	34.7695	34.7695	1	647.971	465.997	31.7479	31.7479	1
100135657	622.097	407.509	34.4224	34.4224	1	615.637	475.121	31.2207	31.2207	1
100135690	591.827	433.122	34.034	34.034	1	589.631	541.767	30.7841	30.7841	1
100135723	606.652	393.532	34.1115	34.1115	1	590.623	436.483	30.3425	30.3425	1
100135757	604.823	472.459	33.393	33.393	1	555.881	488.916	30.2339	30.2339	1
100135790	598.141	428.158	33.531	33.531	1	607.844	466.697	29.9221	29.9221	1
100135823	593.606	467.976	33.6924	33.6924	1	558.991	420.564	30.9104	30.9104	1
100135856	608.945	434.716	33.1646	33.1646	1	554.389	480.522	30.6914	30.6914	1
100135889	613.467	494.35	33.3612	33.3612	1	544.783	457.684	30.6744	30.6744	1
100135923	624.248	418.842	33.5382	33.5382	1	556.425	457.081	30.5701	30.5701	1
100135957	648.256	442.727	33.3953	33.3953	1	571.449	467.652	30.7583	30.7583	1
100135990	620.246	443.512	33.2129	33.2129	1	532.013	440.768	30.5011	30.5011	1
100136023	591.953	469.529	33.2815	33.2815	1	562.882	500.154	30.7516	30.7516	1
100136056	601.612	447.11	33.8697	33.8697	1	588.458	451.247	31.0909	31.0909	1
100136090	622.09	461.886	33.7732	33.7732	1	566.762	470.036	30.8721	30.8721	1
100136123	619.983	461.785	33.9677	33.9677	1	555.416	464.254	30.7958	30.7958	1
100136156	618.75	473.901	34.2137	34.2137	1	579.341	468.473	31.1846	31.1846	1
100136190	396.546	568.787	34.7992	34.7992	1	402.108	536.242	31.4421	31.4421	1
100136223	21.3133	1309.84	35.1732	35.1732	1	-42.0466	1256.1	31.0914	31.0914	1
100136256	181.301	1455.31	34.9207	34.9207	1	204.041	1347.64	30.9402	30.9402	1
100136289	183.129	1433.3	34.7509	34.7509	1	209.376	1332.86	31.1445	31.1445	1
100136323	159.274	1371.13	34.8919	34.8919	1	214.118	1339.45	31.4145	31.4145	1
100136356	157.091	1358.22	35.3577	35.3577	1	223.961	1323.84	31.2728	31.2728	1
100136389	161.748	1388.76	35.3711	35.3711	1	235.234	1333	31.9331	31.9331	1
100136423	137.981	1364.72	35.5795	35.5795	1	286.248	1354.01	31.6141	31.6141	1
100136456	160.599	1372	35.6147	35.6147	1	233.866	1334.22	31.7625	31.7625	1
100136489	161.246	1386.38	35.3405	35.3405	1	210.813	1315.17	32.6981	32.6981	1
100136522	156.5	1378.73	35.6944	35.6944	1	233.93	1339.83	33.0523	33.0523	1
100136556	150.871	1384.98	35.3476	35.3476	1	250.038	1339.68	33.0129	33.0129	1
100136589	162.745	1383.03	35.5598	35.5598	1	254.432	1328.45	32.9203	32.9203	1
100136622	126.949	1389.63	35.1666	35.1666	1	226.842	1328.7	32.7172	32.7172	1
100136655	170.463	1366.84	35.4864	35.4864	1	256.506	1333.01	33.071	33.071	1
100136689	153.494	1385.39	35.4296	35.4296	1	284.216	1345.76	32.9927	32.9927	1
100136722	146.157	1395.3	35.3405	35.3405	1	224.13	1295.64	33.3815	33.3815	1
100136755	111.155	1347.94	35.2974	35.2974	1	281.487	1337.63	33.3546	33.3546	1
100136789	133.169	1375.64	35.6173	35.6173	1	288.618	1333.26	32.9847	32.9847	1
100136822	434.764	772.985	34.6763	34.6763	1	574.779	802.342	33.1137	33.1137	1
100136855	743.293	198.886	35.5939	35.5939	1	839.696	218.835	33.913	33.913	1
100136889	686.949	303.698	35.7828	35.7828	1	695.053	398.446	33.5034	33.5034	1
100136922	668.396	318.407	35.6334	35.6334	1	669.872	389.833	33.5472	33.5472	1
100136955	639.119	339.876	35.7071	35.7071	1	730.369	329.818	33.8368	33.8368	1
100136989	608.796	396.044	35.8936	35.8936	1	711.8	398.662	33.7495	33.7495	1
100137022	622.785	404.641	35.7442	35.7442	1	689.47	415.433	33.7204	33.7204	1
100137056	616.454	350.166	36.2299	36.2299	1	696.333	472.833	34.1364	34.1364	1
100137089	626.544	367.732	35.9124	35.9124	1	666.907	457.836	33.8109	33.8109	1
100137122	621.067	365.642	36.0219	36.0219	1	729.247	428.802	34.0362	34.0362	1
100137155	561.567	427.454	34.1546	34.1546	1	718.152	445.345	32.6062	32.6062	1
100137188	586.085	392.371	33.8864	33.8864	1	706.732	467.99	32.6944	32.6944	1
100137222	573.094	367.984	33.78	33.78	1	699.238	419.745	32.799	32.799	1
100137255	603.46	391.227	34.1413	34.1413	1	724.351	441.326	32.7492	32.7492	1
100137288	608	432.317	33.8474	33.8474	1	715.053	454.862	32.4414	32.4414	1
100137321	588.97	390.527	34.0056	34.0056	1	722.074	447.127	32.5051	32.5051	1
100137355	620.809	327.509	32.956	32.956	1	711.467	488.077	32.3306	32.3306	1
100137389	529.479	317.701	32.2522	32.2522	1	718.186	454.923	31.5892	31.5892	1
100137422	597.002	357.009	32.4925	32.4925	1	692.805	403.872	31.3221	31.3221	1
100137455	616.549	312.145	31.5596	31.5596	1	700.758	382.456	30.9559	30.9559	1
100137488	187.009	602.186	33.4996	33.4996	1	233.884	722.41	31.777	31.777	1
100137522	138.487	1324.66	33.1321	33.1321	1	239.295	1334.25	31.2605	31.2605	1
100137555	152.46	1205.28	32.8913	32.8913	1	222.514	1239.92	30.7057	30.7057	1
100137588	178.503	1211.42	32.723	32.723	1	239.31	1221.64	30.3345	30.3345	1
100137622	159.666	1212.47	32.5478	32.5478	1	228.989	1236.77	29.9126	29.9126	1
100137655	149.487	1212.77	32.43	32.43	1	227.619	1215.07	30.1785	30.1785	1
100137688	145.626	1199.61	32.2552	32.2552	1	199.461	1215.76	29.8026	29.8026	1
100137721	149.076	1189.64	32.2156	32.2156	1	220.148	1202.64	30.0689	30.0689	1
100137755	212.688	1227.65	31.8646	31.8646	1	211.826	1217.39	29.7392	29.7392	1
100137788	173.336	1220.71	32.2145	32.2145	1	211.542	1197.22	29.8858	29.8858	1
100137822	164.803	1221.01	33.2433	33.2433	1	233.26	1222.85	30.1983	30.1983	1
100137855	184.55	1200.43	33.1116	33.1116	1	181.769	1173.58	29.9538	29.9538	1
100137887	382.334	869.93	32.7535	32.7535	1	424.359	884.045	30.4913	30.4913	1
100137922	755.812	144.424	33.5091	33.5091	1	754.139	199.481	30.9478	30.9478	1
100137955	671.334	383.05	33.2788	33.2788	1	621.513	380.346	31.0163	31.0163	1
100137988	624.975	371.037	33.5766	33.5766	1	618.934	416.014	31.0357	31.0357	1
100138021	629.68	339.932	33.6886	33.6886	1	620.83	395.204	31.0029	31.0029	1
100138054	625.408	393.514	33.8573	33.8573	1	641.334	397.49	31.1438	31.1438	1
100138088	626.282	433.568	33.7612	33.7612	1	624.199	399.997	31.3057	31.3057	1
100138121	636.638	423.072	33.8567	33.8567	1	631.669	421.681	31.6858	31.6858	1
100138154	660.636	399.79	33.2531	33.2531	1	676.494	428.412	30.7372	30.7372	1
100138187	630.556	458.505	33.5388	33.5388	1	674.974	442.4	30.876	30.876	1
100138221	616.781	402.928	33.4052	33.4052	1	675.442	445.433	30.8846	30.8846	1
100138255	591.947	379.384	33.553	33.553	1	660.526	439.741	30.8913	30.8913	1
100138288	653.838	414.586	33.4285	33.4285	1	642.009	452.129	30.515	30.515	1
100138321	638.598	450.21	33.8407	33.8407	1	663.242	454.057	30.6765	30.6765	1
100138355	630.956	421.413	33.7322	33.7322	1	673.861	468.142	30.9841	30.9841	1
100138388	626.53	414.357	34.0314	34.0314	1	708.991	487.475	30.8075	30.8075	1
100138421	756.47	378.395	33.4818	33.4818	1	809.771	400.882	30.3779	30.3779	1
100138454	748.098	387.835	33.8805	33.8805	1	767.674	432.914	30.943	30.943	1
100138487	739.417	455.005	33.0244	33.0244	1	778.25	412.731	31.2063	31.2063	1
100138521	686.112	426.915	32.7032	32.7032	1	773.152	418.825	30.9962	30.9962	1
100138554	713.703	372.431	32.7757	32.7757	1	760.17	446.468	30.9511	30.9511	1
100138588	656.368	449.932	33.1079	33.1079	1	765.933	437.965	31.0663	31.0663	1
100138621	684.212	394.076	32.9559	32.9559	1	766.33	411.02	31.5015	31.5015	1
100138654	687.937	386.797	33.4157	33.4157	1	778.928	423.403	31.738	31.738	1
100138688	647.215	463.421	33.2105	33.2105	1	806.893	406.129	31.9617	31.9617	1
100138721	747.124	694.115	33.5159	33.5159	1	904.161	623.831	32.4065	32.4065	1
100138754	790.616	536.194	33.948	33.948	1	870.297	598.25	32.5665	32.5665	1
100138788	777.394	540.214	33.86	33.86	1	864.815	564.729	32.6978	32.6978	1
100138821	742.579	536.966	35.5374	35.5374	1	858.489	510.864	32.3746	32.3746	1
100138854	751.473	551.438	35.6279	35.6279	1	884.336	576.881	32.3039	32.3039	1
100138887	750.55	601.301	35.5077	35.5077	1	875.969	567.039	32.6905	32.6905	1
100138921	744.602	574.599	35.8888	35.8888	1	867.715	556.794	33.0857	33.0857	1
100138954	756.93	569.965	35.5804	35.5804	1	868.001	600.683	33.0123	33.0123	1
100138987	776.944	594.497	35.7347	35.7347	1	885.747	601.479	33.1619	33.1619	1
100139020	719.311	518.344	36.2151	36.2151	1	907.825	602.98	33.5871	33.5871	1
100139053	533.73	588.816	36.4412	36.4412	1	633.113	603.947	33.1368	33.1368	1
100139087	545.703	609.585	36.3353	36.3353	1	648.025	588.992	33.6683	33.6683	1
100139120	582.72	556.295	37.1343	37.1343	1	643.379	573.91	33.5553	33.5553	1
100139153	540.726	573.735	35.2029	35.2029	1	668.131	570.919	33.6826	33.6826	1
100139187	544.863	595.543	34.9523	34.9523	1	667.851	582.318	33.6381	33.6381	1
100139221	557.333	564.422	35.6372	35.6372	1	663.22	619.227	33.5787	33.5787	1
100139254	554.35	580.05	36.0521	36.0521	1	646.194	565.786	33.6697	33.6697	1
100139287	504.372	660.845	35.2676	35.2676	1	695.465	622.023	34.0875	34.0875	1
100139321	504.016	598.299	35.1261	35.1261	1	656.162	612.739	33.7409	33.7409	1
100139354	554.691	624.4	35.3473	35.3473	1	701.488	628.5	33.5174	33.5174	1
100139387	577.583	616.465	34.8838	34.8838	1	673.484	624.283	33.4235	33.4235	1
100139420	563.733	585.724	35.3643	35.3643	1	684.641	636.002	33.6835	33.6835	1
100139453	551.949	576.549	35.5946	35.5946	1	666.91	566.645	33.5384	33.5384	1
100139486	536.622	604.52	35.4727	35.4727	1	663.353	590.275	34.6667	34.6667	1
100139654	578.95	544.156	35.2474	35.2474	1	712.332	458.605	34.6098	34.6098	1
100139687	581.393	504.968	35.0965	35.0965	1	721.268	484.07	34.4014	34.4014	1
100139720	576.511	536.554	35.2201	35.2201	1	668.389	516.651	34.5311	34.5311	1
100139754	505.129	580.661	35.0249	35.0249	1	693.687	513.068	34.5111	34.5111	1
100139787	530.745	574.892	35.1263	35.1263	1	702.97	492.311	34.8671	34.8671	1
100139820	552.037	471.408	35.2015	35.2015	1	668.337	486.321	34.8268	34.8268	1
100139854	539.25	497.501	35.1714	35.1714	1	694.078	471.777	34.4251	34.4251	1
100139887	553.195	520.812	35.1582	35.1582	1	696.543	463.081	34.7839	34.7839	1
100139920	549.296	505.444	35.0736	35.0736	1	721.827	495.664	34.4843	34.4843	1
100139953	542.598	532.92	35.2815	35.2815	1	689.918	449.8	34.3114	34.3114	1
100139987	601.372	533.061	34.8503	34.8503	1	704.001	496.444	34.4956	34.4956	1
100140020	536.399	489.102	34.4551	34.4551	1	675.956	450.431	34.4069	34.4069	1
100140053	375.401	618.633	34.4306	34.4306	1	543.235	559.24	34.1933	34.1933	1
100140086	-26.4723	1243.47	34.4379	34.4379	1	7.7475	1201.88	32.6485	32.6485	1
100140120	58.9268	1437.87	34.3708	34.3708	1	169.379	1327.75	32.9146	32.9146	1
100140153	60.1457	1345.61	34.3412	34.3412	1	142.196	1309.47	32.6596	32.6596	1
100140186	96.7973	1404.89	34.1659	34.1659	1	100.278	1294.3	32.9553	32.9553	1
100140220	73.1648	1354.98	34.4169	34.4169	1	132.329	1291.85	32.7944	32.7944	1
100140253	73.8459	1362.09	33.9693	33.9693	1	130.441	1291.84	32.45	32.45	1
100140286	94.8399	1329.43	35.494	35.494	1	166.379	1303.18	33.4978	33.4978	1
100140319	104.599	1386.19	35.1521	35.1521	1	88.6884	1285.95	33.6998	33.6998	1
100140353	49.037	1304.71	35.6142	35.6142	1	127.366	1279.65	33.3409	33.3409	1
100140386	103.103	1364.36	35.7478	35.7478	1	110.823	1275.87	33.5507	33.5507	1
100140419	82.0809	1342.86	35.7632	35.7632	1	186.644	1315.46	33.6677	33.6677	1
100140453	81.2536	1352.83	35.6622	35.6622	1	158.216	1295.37	33.6878	33.6878	1
100140486	78.4167	1362.09	36.2321	36.2321	1	144.931	1299.08	33.5792	33.5792	1
100140519	34.2154	1340.71	35.7462	35.7462	1	141.21	1279.01	33.8357	33.8357	1
100140552	50.1648	1331.5	36.0278	36.0278	1	103.174	1255.36	34.0555	34.0555	1
100140586	31.1997	1347.02	35.964	35.964	1	88.3395	1267.66	34.0107	34.0107	1
100140619	51.7985	1302.9	37.9728	37.9728	1	131.034	1280.36	33.9557	33.9557	1
100140652	222.982	1063.52	38.5684	38.5684	1	372.313	1086.85	34.8067	34.8067	1
100140686	880.428	351.912	38.0308	38.0308	1	949.636	268.639	36.0391	36.0391	1
100140719	752.882	384.832	37.8785	37.8785	1	788.816	479.732	35.3705	35.3705	1
100140752	743.022	462.121	38.157	38.157	1	784.777	472.779	35.5007	35.5007	1
100140785	705.992	442.882	38.3678	38.3678	1	762.805	502.235	35.5546	35.5546	1
100140819	723.888	447.131	38.4371	38.4371	1	780.278	454.854	35.4377	35.4377	1
100140852	699.585	452.691	38.2373	38.2373	1	778.337	448.916	35.7542	35.7542	1
100140885	715.059	436.693	38.4042	38.4042	1	767.283	515.004	35.9647	35.9647	1
100140919	738.497	440.262	38.6101	38.6101	1	763.583	500.732	35.6437	35.6437	1
100140953	728.208	571.333	35.5788	35.5788	1	777.021	547.52	33.5415	33.5415	1
100140986	663.494	581.866	35.0276	35.0276	1	771.863	570.23	33.2649	33.2649	1
100141019	694.965	514.561	35.5217	35.5217	1	765.214	535.131	33.2001	33.2001	1
100141052	667.583	518.307	34.6305	34.6305	1	769.45	505.003	32.6529	32.6529	1
100141086	500.004	521.428	35.0857	35.0857	1	592.857	521.194	32.7898	32.7898	1
100141119	480.585	535.356	34.7194	34.7194	1	603.906	505.438	32.3522	32.3522	1
100141152	519.21	521.105	35.1253	35.1253	1	619.231	524.434	32.1749	32.1749	1
100141186	554.729	517.178	35.1519	35.1519	1	630.967	527.525	32.0991	32.0991	1
100141219	505.03	606.374	34.5332	34.5332	1	598.538	551.595	31.9645	31.9645	1
100141252	532.029	554.879	34.6534	34.6534	1	640.356	533.505	31.4446	31.4446	1
100141286	530.052	553.328	34.1278	34.1278	1	591.367	533.203	32.3682	32.3682	1
100141319	475.598	563.793	33.7098	33.7098	1	594.169	523.353	31.927	31.927	1
100141352	510.322	552.139	34.2528	34.2528	1	615.131	545.831	32.1461	32.1461	1
100141385	489.84	557.763	33.5376	33.5376	1	605.735	510.57	31.8815	31.8815	1
100141419	534.125	586.686	34.132	34.132	1	588.277	493.823	31.8486	31.8486	1
100141452	518.241	521.642	33.6708	33.6708	1	585.47	507.78	31.6982	31.6982	1
100141485	533.854	496.762	34.2761	34.2761	1	587.934	483.136	31.6768	31.6768	1
100141519	739.086	590.567	33.6288	33.6288	1	822.107	577.258	31.8617	31.8617	1
100141552	677.367	555.894	33.9257	33.9257	1	759.292	563.511	32.14	32.14	1
100141585	654.989	519.042	33.8555	33.8555	1	760.208	532.12	31.9239	31.9239	1
100141618	702.813	514.671	35.0503	35.0503	1	729.874	525.234	32.0258	32.0258	1
100141652	655.277	476.832	35.1275	35.1275	1	781.904	557.187	32.28	32.28	1
100141685	678.462	562.477	35.411	35.411	1	770.875	577.272	32.335	32.335	1
100141718	666.164	524.99	35.214	35.214	1	772.665	551.586	32.4226	32.4226	1
100141752	661.294	560.665	35.1794	35.1794	1	768.675	564.041	32.7418	32.7418	1
100141785	685.719	498.317	35.2052	35.2052	1	777.745	557.796	32.6761	32.6761	1
100141818	719.995	532.896	35.4656	35.4656	1	771.791	540.29	32.6868	32.6868	1
100141852	677.32	541.069	35.0548	35.0548	1	791.435	510.669	32.915	32.915	1
100141885	679.451	504.545	35.4297	35.4297	1	783.386	534.905	32.9554	32.9554	1
100141918	667.69	547.386	35.5034	35.5034	1	763.901	529.488	32.7235	32.7235	1
100141951	666.466	534.457	35.3075	35.3075	1	735.773	521.406	33.2611	33.2611	1
100141985	704.899	530.602	35.625	35.625	1	728.024	548.907	32.7632	32.7632	1
100142018	639.102	595.968	35.3242	35.3242	1	760.997	544.469	32.8164	32.8164	1
100142051	680.025	526.558	35.6681	35.6681	1	745.462	553.954	32.9555	32.9555	1
100142085	710.687	530.164	35.6748	35.6748	1	747.478	528.171	32.7283	32.7283	1
100142118	677.031	589.586	35.6967	35.6967	1	761.755	513.513	33.048	33.048	1
100142151	670.433	527.059	35.6275	35.6275	1	743.442	510.223	33.0263	33.0263	1
100142184	675.203	518.215	35.4543	35.4543	1	755.302	490.793	32.7835	32.7835	1
100142218	707.332	526.25	35.4707	35.4707	1	744.058	521.853	32.7178	32.7178	1
100142251	687.471	544.409	35.5137	35.5137	1	743.187	570.153	32.8176	32.8176	1
100142284	667.399	565.658	34.4031	34.4031	1	789.755	523.339	33.1178	33.1178	1
100142317	642.434	552	34.1676	34.1676	1	736.676	531.339	32.9317	32.9317	1
100142351	672.987	548.717	34.0577	34.0577	1	770.573	521.925	33.1047	33.1047	1
100142385	656.127	589.618	34.2291	34.2291	1	765.496	492.06	33.3616	33.3616	1
100142418	697.187	580.629	33.9572	33.9572	1	725.391	498.585	33.3224	33.3224	1
100142452	666.762	608.051	33.7763	33.7763	1	738.921	509.966	33.4329	33.4329	1
100142485	701.717	560.106	34.3098	34.3098	1	739.317	491.788	33.7448	33.7448	1
100142518	614.361	563.128	33.5023	33.5023	1	766.712	500.776	33.4561	33.4561	1
100142551	662.971	510.254	34.7443	34.7443	1	737.031	508.151	33.3957	33.3957	1
100142585	660.883	548.77	33.7963	33.7963	1	721.608	496.238	33.8707	33.8707	1
100142618	694.406	554.45	36.0478	36.0478	1	733.904	525.41	33.5999	33.5999	1
100142651	710.407	538.722	36.0197	36.0197	1	761.822	524.12	33.6689	33.6689	1
100142685	735.254	519.685	35.9677	35.9677	1	729.492	500.51	33.5411	33.5411	1
100142718	688.32	538.432	36.2677	36.2677	1	749.96	491.476	33.8371	33.8371	1
100142751	711.344	540.443	36.2181	36.2181	1	747.404	473.456	33.7817	33.7817	1
100142784	713.943	524.388	36.3101	36.3101	1	733.992	476.862	33.7004	33.7004	1
100142818	701.891	536.586	36.3278	36.3278	1	743.479	543.03	34.0081	34.0081	1
100142851	682.296	540.284	36.4543	36.4543	1	770.593	491.628	34.464	34.464	1
100142884	678.854	585.496	36.3875	36.3875	1	735.454	540.008	33.9159	33.9159	1
100142918	676.697	594.888	36.3391	36.3391	1	762.634	527.343	34.5111	34.5111	1
100142951	665.983	551.194	35.0489	35.0489	1	735.457	534.736	34.5018	34.5018	1
100142984	697.962	546.25	35.3582	35.3582	1	760.289	484.338	34.4892	34.4892	1
100143017	655.432	555.506	35.5299	35.5299	1	772.549	544.678	34.2432	34.2432	1
100143051	675.485	577.238	35.8117	35.8117	1	771.584	531.15	34.4871	34.4871	1
100143084	656.791	577.889	35.5659	35.5659	1	778.635	505.154	34.8041	34.8041	1
100143117	640.2	588.687	35.5893	35.5893	1	758.605	512.432	34.9242	34.9242	1
100143150	615.103	518.68	35.357	35.357	1	779.232	534.663	34.4383	34.4383	1
100143184	674.092	553.607	35.9719	35.9719	1	702.565	538.33	35.1836	35.1836	1
100143217	632.04	540.196	36.1452	36.1452	1	709.783	544.915	34.9073	34.9073	1
100143250	660.655	562.48	35.7598	35.7598	1	789.875	524.828	34.9853	34.9853	1
100143284	623.081	637.087	35.6316	35.6316	1	737.584	519.492	34.8635	34.8635	1
100143317	597.252	622.414	35.2165	35.2165	1	770.493	516.831	35.068	35.068	1
100143350	643.438	533.091	36.0349	36.0349	1	741.485	515.258	34.9781	34.9781	1
100143383	676.165	572.462	36.1751	36.1751	1	757.244	526.499	35.0572	35.0572	1
100143417	661.546	527.663	36.2164	36.2164	1	743.166	567.067	35.1477	35.1477	1
100143450	626.154	556.151	35.5809	35.5809	1	782.369	557.069	35.3036	35.3036	1
100143483	634.855	567.894	36.031	36.031	1	755.91	547.778	35.1845	35.1845	1
100143517	642.672	546.85	35.8759	35.8759	1	721.203	507.762	35.5275	35.5275	1
100143550	633.565	545.742	36.3521	36.3521	1	759.382	557.486	35.4684	35.4684	1
100143583	601.109	571.563	35.5483	35.5483	1	732.258	540.857	35.1537	35.1537	1
100143617	643.815	619.302	35.6846	35.6846	1	761.364	547.997	35.1425	35.1425	1
100143650	600.604	615.555	35.5017	35.5017	1	725.788	477.732	35.4357	35.4357	1
100143683	646.643	533.528	35.9714	35.9714	1	761.176	553.13	35.3828	35.3828	1
100143716	614.253	576.777	35.8202	35.8202	1	746.792	523.482	35.2322	35.2322	1
100143750	630.547	555.671	36.0102	36.0102	1	747.682	549.088	35.0804	35.0804	1
100143784	601.815	623.261	35.2345	35.2345	1	772.435	548.279	35.3178	35.3178	1
100143817	644.078	562.442	36.1112	36.1112	1	769.33	529.817	34.8119	34.8119	1
100143850	645.908	613.993	35.296	35.296	1	759.693	521.018	34.8932	34.8932	1
100143883	666.519	577.852	35.6417	35.6417	1	795.623	559.003	34.6812	34.6812	1
100143916	644.737	588.404	35.8511	35.8511	1	795.746	536.842	34.6244	34.6244	1
100143950	670.954	597.188	35.9228	35.9228	1	775.192	556.317	34.6828	34.6828	1
100143983	664.489	568.764	35.6044	35.6044	1	771.886	545.313	34.6383	34.6383	1
100144017	639.484	635.817	35.2468	35.2468	1	799.442	545.628	34.3055	34.3055	1
100144050	644.829	616.679	35.9375	35.9375	1	770.051	533.561	34.8176	34.8176	1
100144083	639.026	562.774	35.8292	35.8292	1	800.027	555.373	34.5783	34.5783	1
